X_x.csv,0.432147,172.051,-0.0388697
Y_x.csv,1428,0
X_y.csv,0.535514,153.294,-0.00590986
Y_y.csv,1500,0
X_x.csv,0.397712,172.483,0.0344347
Y_x.csv,1432,0
X_y.csv,0.52965,153.829,0.00586414
Y_y.csv,1518,0
X_x.csv,0.426247,172.881,-0.0285349
Y_x.csv,1472,0
X_y.csv,0.528285,154.359,0.00136536
Y_y.csv,1500,0
X_x.csv,0.417008,173.307,0.00923866
Y_x.csv,1432,0
X_y.csv,0.525906,154.887,0.0023787
Y_y.csv,1528,0
X_x.csv,0.429007,173.724,-0.0119987
Y_x.csv,1432,0
X_y.csv,0.522588,155.413,0.00331813
Y_y.csv,1528,0
X_x.csv,0.406983,174.153,0.0220243
Y_x.csv,1472,0
X_y.csv,0.52414,155.936,-0.00155228
Y_y.csv,1500,0
X_x.csv,0.430345,174.56,-0.0233624
Y_x.csv,1412,0
X_y.csv,0.520063,156.46,0.00407696
Y_y.csv,1548,0
X_x.csv,0.44839,174.99,-0.0180449
Y_x.csv,1412,0
X_y.csv,0.522036,156.98,-0.00197303
Y_y.csv,1548,0
X_x.csv,0.428187,175.439,0.0202036
Y_x.csv,1472,0
X_y.csv,0.514073,157.502,0.00796324
Y_y.csv,1500,0
X_x.csv,0.487718,175.867,-0.0595312
Y_x.csv,1432,0
X_y.csv,0.505352,158.016,0.00872111
Y_y.csv,1528,0
X_x.csv,0.45833,176.355,0.0293874
Y_x.csv,1428,0
X_y.csv,0.508344,158.521,-0.00299251
Y_y.csv,1560,0
X_x.csv,0.463905,176.813,-0.00557509
Y_x.csv,1460,0
X_y.csv,0.508515,159.03,-0.00017029
Y_y.csv,1542,0
X_x.csv,0.448521,177.277,0.0153844
Y_x.csv,1460,0
X_y.csv,0.513411,159.538,-0.00489622
Y_y.csv,1542,0
X_x.csv,0.418973,177.725,0.0295476
Y_x.csv,1440,0
X_y.csv,0.503255,160.052,0.0101556
Y_y.csv,1562,0
X_x.csv,0.487272,178.144,-0.068299
Y_x.csv,1460,0
X_y.csv,0.501003,160.555,0.00225234
Y_y.csv,1540,0
X_x.csv,0.489358,178.632,-0.00208533
Y_x.csv,1460,0
X_y.csv,0.49557,161.056,0.00543332
Y_y.csv,1542,0
X_x.csv,0.51855,179.121,-0.0291918
Y_x.csv,1440,0
X_y.csv,0.493817,161.551,0.00175244
Y_y.csv,1564,0
X_x.csv,0.497223,179.64,0.0213265
Y_x.csv,1476,0
X_y.csv,0.489511,162.045,0.0043059
Y_y.csv,1556,0
X_x.csv,0.477598,180.137,0.0196248
Y_x.csv,1500,0
X_y.csv,0.476181,162.535,0.0133298
Y_y.csv,1568,0
X_x.csv,0.390797,180.614,0.0868014
Y_x.csv,1500,0
X_y.csv,0.434113,163.011,0.0420685
Y_y.csv,1568,0
X_x.csv,0.393571,181.005,-0.00277403
Y_x.csv,1500,0
X_y.csv,0.425974,163.445,0.00813863
Y_y.csv,1578,0
X_x.csv,0.447493,181.399,-0.0539218
Y_x.csv,1500,0
X_y.csv,0.455816,163.871,-0.0298419
Y_y.csv,1558,0
X_x.csv,0.429018,181.846,0.0184743
Y_x.csv,1500,0
X_y.csv,0.450162,164.327,0.00565398
Y_y.csv,1578,0
X_x.csv,0.350435,182.275,0.0785837
Y_x.csv,1500,0
X_y.csv,0.386189,164.777,0.0639734
Y_y.csv,1578,0
X_x.csv,0.396024,182.626,-0.045589
Y_x.csv,1500,0
X_y.csv,0.437746,165.163,-0.0515569
Y_y.csv,1550,0
X_x.csv,0.0577466,183.022,0.338277
Y_x.csv,1500,0
X_y.csv,0.330315,165.601,0.107431
Y_y.csv,1550,0
X_x.csv,0.0588671,183.079,-0.00112045
Y_x.csv,1500,0
X_y.csv,0.335899,165.931,-0.00558481
Y_y.csv,1530,0
X_x.csv,-0.0168052,183.138,0.0756723
Y_x.csv,1500,0
X_y.csv,0.313106,166.267,0.0227934
Y_y.csv,1590,0
X_x.csv,0.0541365,183.122,-0.0709417
Y_x.csv,1500,0
X_y.csv,0.332117,166.58,-0.0190111
Y_y.csv,1590,0
X_x.csv,0.0665265,183.176,-0.01239
Y_x.csv,1500,0
X_y.csv,0.338525,166.912,-0.00640824
Y_y.csv,1590,0
X_x.csv,0.11611,183.242,-0.0495836
Y_x.csv,1500,0
X_y.csv,0.35358,167.251,-0.0150549
Y_y.csv,1590,0
X_x.csv,0.103369,183.358,0.0127414
Y_x.csv,1500,0
X_y.csv,0.351904,167.604,0.0016765
Y_y.csv,1568,0
X_x.csv,0.227045,183.462,-0.123677
Y_x.csv,1488,0
X_y.csv,0.379253,167.956,-0.0273497
Y_y.csv,1518,0
X_x.csv,0.258399,183.689,-0.0313531
Y_x.csv,1500,0
X_y.csv,0.394627,168.336,-0.0153731
Y_y.csv,1500,0
X_x.csv,0.214707,183.947,0.0436915
Y_x.csv,1500,0
X_y.csv,0.392613,168.73,0.00201344
Y_y.csv,1538,0
X_x.csv,0.0824619,184.162,0.132245
Y_x.csv,1500,0
X_y.csv,0.363125,169.123,0.0294885
Y_y.csv,1500,0
X_x.csv,0.00508043,184.244,0.0773815
Y_x.csv,1500,0
X_y.csv,0.352922,169.486,0.0102028
Y_y.csv,1510,0
X_x.csv,-0.0632851,184.249,0.0683655
Y_x.csv,1500,0
X_y.csv,0.336024,169.839,0.0168982
Y_y.csv,1540,0
X_x.csv,-0.379913,184.186,0.316628
Y_x.csv,1500,0
X_y.csv,0.261613,170.175,0.0744105
Y_y.csv,1540,0
X_x.csv,-0.315152,183.806,-0.064761
Y_x.csv,1488,0
X_y.csv,0.271062,170.437,-0.00944856
Y_y.csv,1540,0
X_x.csv,-0.2998,183.491,-0.0153525
Y_x.csv,1428,0
X_y.csv,0.284457,170.708,-0.0133955
Y_y.csv,1560,0
X_x.csv,-0.221672,183.191,-0.0781273
Y_x.csv,1444,0
X_y.csv,0.304172,170.992,-0.0197147
Y_y.csv,1540,0
X_x.csv,-0.226893,182.97,0.00522012
Y_x.csv,1500,0
X_y.csv,0.305357,171.296,-0.00118527
Y_y.csv,1500,0
X_x.csv,-0.125558,182.743,-0.101334
Y_x.csv,1444,0
X_y.csv,0.339058,171.602,-0.0337008
Y_y.csv,1540,0
X_x.csv,-0.0823221,182.617,-0.0432363
Y_x.csv,1484,0
X_y.csv,0.35193,171.941,-0.012872
Y_y.csv,1500,0
X_x.csv,0.0221913,182.535,-0.104513
Y_x.csv,1500,0
X_y.csv,0.364254,172.293,-0.0123234
Y_y.csv,1500,0
X_x.csv,0.207857,182.557,-0.185665
Y_x.csv,1484,0
X_y.csv,0.420857,172.657,-0.0566039
Y_y.csv,1500,0
X_x.csv,-0.0257351,182.765,0.233592
Y_x.csv,1428,0
X_y.csv,0.354939,173.078,0.0659186
Y_y.csv,1560,0
X_x.csv,-0.277613,182.739,0.251878
Y_x.csv,1428,0
X_y.csv,0.284743,173.433,0.0701959
Y_y.csv,1560,0
X_x.csv,0.086907,182.461,-0.36452
Y_x.csv,1500,0
X_y.csv,0.388079,173.717,-0.103336
Y_y.csv,1500,0
X_x.csv,-0.357585,182.548,0.444492
Y_x.csv,1440,0
X_y.csv,0.251413,174.105,0.136666
Y_y.csv,1560,0
X_x.csv,0.102512,182.191,-0.460097
Y_x.csv,1460,0
X_y.csv,0.376812,174.357,-0.125399
Y_y.csv,1540,0
X_x.csv,0.0673324,182.293,0.0351799
Y_x.csv,1500,0
X_y.csv,0.377249,174.734,-0.000436366
Y_y.csv,1500,0
X_x.csv,0.0924815,182.361,-0.0251491
Y_x.csv,1460,0
X_y.csv,0.375356,175.111,0.00189257
Y_y.csv,1540,0
X_x.csv,-0.443291,182.453,0.535773
Y_x.csv,1468,0
X_y.csv,0.242521,175.486,0.132835
Y_y.csv,1560,0
X_x.csv,-0.449702,182.01,0.00641114
Y_x.csv,1500,0
X_y.csv,0.226108,175.729,0.0164136
Y_y.csv,1520,0
X_x.csv,0.0376067,181.56,-0.487309
Y_x.csv,1480,0
X_y.csv,0.365872,175.955,-0.139765
Y_y.csv,1538,0
X_x.csv,0.060382,181.598,-0.0227754
Y_x.csv,1492,0
X_y.csv,0.371066,176.321,-0.00519359
Y_y.csv,1526,0
X_x.csv,-0.30548,181.658,0.365862
Y_x.csv,1492,0
X_y.csv,0.255768,176.692,0.115298
Y_y.csv,1510,0
X_x.csv,-0.277795,181.353,-0.0276848
Y_x.csv,1500,0
X_y.csv,0.245394,176.948,0.0103743
Y_y.csv,1500,0
X_x.csv,-0.27884,181.075,0.00104421
Y_x.csv,1500,0
X_y.csv,0.268708,177.193,-0.0233146
Y_y.csv,1500,0
X_x.csv,-0.267306,180.796,-0.0115334
Y_x.csv,1492,0
X_y.csv,0.281531,177.462,-0.0128223
Y_y.csv,1514,0
X_x.csv,-0.185126,180.529,-0.0821801
Y_x.csv,1500,0
X_y.csv,0.299242,177.743,-0.017711
Y_y.csv,1500,0
X_x.csv,-0.188558,180.344,0.00343215
Y_x.csv,1500,0
X_y.csv,0.301507,178.042,-0.00226539
Y_y.csv,1500,0
X_x.csv,-0.232247,180.155,0.0436887
Y_x.csv,1494,0
X_y.csv,0.280253,178.344,0.0212544
Y_y.csv,1516,0
X_x.csv,0.163561,179.923,-0.395808
Y_x.csv,1500,0
X_y.csv,0.401447,178.624,-0.121194
Y_y.csv,1500,0
X_x.csv,-0.200077,180.086,0.363638
Y_x.csv,1460,0
X_y.csv,0.289585,179.026,0.111862
Y_y.csv,1530,0
X_x.csv,-0.223026,179.886,0.022949
Y_x.csv,1448,0
X_y.csv,0.300605,179.315,-0.0110201
Y_y.csv,1540,0
X_x.csv,-0.182335,179.663,-0.0406901
Y_x.csv,1436,0
X_y.csv,0.310781,179.616,-0.0101756
Y_y.csv,1518,0
X_x.csv,-0.0448101,179.481,-0.137525
Y_x.csv,1442,0
X_y.csv,0.327844,179.927,-0.0170632
Y_y.csv,1520,0
X_x.csv,-0.0264311,179.436,-0.018379
Y_x.csv,1482,0
X_y.csv,0.354374,180.254,-0.0265304
Y_y.csv,1500,0
X_x.csv,0.0646034,179.41,-0.0910344
Y_x.csv,1462,0
X_y.csv,0.350023,180.609,0.00435147
Y_y.csv,1500,0
X_x.csv,0.0420653,179.474,0.022538
Y_x.csv,1462,0
X_y.csv,0.378588,180.959,-0.0285652
Y_y.csv,1500,0
X_x.csv,-0.0117624,179.516,0.0538278
Y_x.csv,1422,0
X_y.csv,0.344128,181.337,0.0344595
Y_y.csv,1540,0
X_x.csv,0.156778,179.505,-0.16854
Y_x.csv,1422,0
X_y.csv,0.405336,181.682,-0.0612075
Y_y.csv,1540,0
X_x.csv,0.124328,179.661,0.0324495
Y_x.csv,1482,0
X_y.csv,0.404334,182.087,0.00100213
Y_y.csv,1500,0
X_x.csv,0.188071,179.786,-0.0637431
Y_x.csv,1422,0
X_y.csv,0.396314,182.491,0.00801939
Y_y.csv,1544,0
X_x.csv,0.265315,179.974,-0.0772439
Y_x.csv,1482,0
X_y.csv,0.415972,182.888,-0.0196578
Y_y.csv,1500,0
X_x.csv,0.0578491,180.239,0.207466
Y_x.csv,1442,0
X_y.csv,0.361411,183.304,0.0545614
Y_y.csv,1524,0
X_x.csv,0.368144,180.297,-0.310295
Y_x.csv,1462,0
X_y.csv,0.464702,183.665,-0.103291
Y_y.csv,1500,0
X_x.csv,0.0223067,180.665,0.345837
Y_x.csv,1462,0
X_y.csv,0.313297,184.13,0.151405
Y_y.csv,1500,0
X_x.csv,0.13611,180.687,-0.113804
Y_x.csv,1442,0
X_y.csv,0.359729,184.443,-0.0464315
Y_y.csv,1512,0
X_x.csv,-0.0117919,180.823,0.147902
Y_x.csv,1472,0
X_y.csv,0.326864,184.803,0.0328643
Y_y.csv,1532,0
X_x.csv,-0.0180187,180.812,0.00622678
Y_x.csv,1488,0
X_y.csv,0.286201,185.13,0.0406633
Y_y.csv,1532,0
X_x.csv,0.0290104,180.794,-0.0470291
Y_x.csv,1500,0
X_y.csv,0.312958,185.416,-0.0267571
Y_y.csv,1532,0
X_x.csv,0.0258028,180.823,0.00320765
Y_x.csv,1500,0
X_y.csv,0.298154,185.729,0.0148036
Y_y.csv,1560,0
X_x.csv,0.217239,180.848,-0.191436
Y_x.csv,1500,0
X_y.csv,0.342644,186.027,-0.0444892
Y_y.csv,1500,0
X_x.csv,0.107918,181.066,0.10932
Y_x.csv,1500,0
X_y.csv,0.332582,186.369,0.0100612
Y_y.csv,1500,0
X_x.csv,0.302705,181.174,-0.194787
Y_x.csv,1500,0
X_y.csv,0.403602,186.702,-0.0710194
Y_y.csv,1540,0
X_x.csv,0.312787,181.476,-0.0100816
Y_x.csv,1500,0
X_y.csv,0.398421,187.106,0.00518069
Y_y.csv,1540,0
X_x.csv,0.0199445,181.789,0.292843
Y_x.csv,1488,0
X_y.csv,0.225727,187.504,0.172694
Y_y.csv,1540,0
X_x.csv,0.0235623,181.809,-0.00361779
Y_x.csv,1488,0
X_y.csv,0.238931,187.73,-0.0132038
Y_y.csv,1540,0
X_x.csv,0.229539,181.833,-0.205977
Y_x.csv,1476,0
X_y.csv,0.372722,187.969,-0.133791
Y_y.csv,1542,0
X_x.csv,-0.110737,182.062,0.340277
Y_x.csv,1476,0
X_y.csv,0.172751,188.341,0.199971
Y_y.csv,1548,0
X_x.csv,-0.00791407,181.951,-0.102823
Y_x.csv,1476,0
X_y.csv,0.21377,188.514,-0.0410189
Y_y.csv,1556,0
X_x.csv,0.037821,181.943,-0.045735
Y_x.csv,1488,0
X_y.csv,0.248789,188.728,-0.0350186
Y_y.csv,1556,0
X_x.csv,0.217787,181.981,-0.179966
Y_x.csv,1500,0
X_y.csv,0.366694,188.977,-0.117905
Y_y.csv,1516,0
X_x.csv,0.120595,182.199,0.097192
Y_x.csv,1476,0
X_y.csv,0.274964,189.343,0.0917302
Y_y.csv,1556,0
X_x.csv,0.174302,182.32,-0.0537072
Y_x.csv,1496,0
X_y.csv,0.281939,189.618,-0.00697482
Y_y.csv,1536,0
X_x.csv,0.255889,182.494,-0.0815865
Y_x.csv,1500,0
X_y.csv,0.320349,189.9,-0.0384108
Y_y.csv,1556,0
X_x.csv,0.101802,182.75,0.154087
Y_x.csv,1500,0
X_y.csv,0.297498,190.221,0.0228516
Y_y.csv,1556,0
X_x.csv,0.142493,182.852,-0.0406913
Y_x.csv,1500,0
X_y.csv,0.301453,190.518,-0.00395533
Y_y.csv,1516,0
X_x.csv,0.123755,182.994,0.0187377
Y_x.csv,1500,0
X_y.csv,0.281848,190.82,0.0196047
Y_y.csv,1500,0
X_x.csv,0.342734,183.118,-0.218979
Y_x.csv,1500,0
X_y.csv,0.404055,191.101,-0.122206
Y_y.csv,1538,0
X_x.csv,-0.0117326,183.461,0.354467
Y_x.csv,1500,0
X_y.csv,0.246984,191.506,0.157071
Y_y.csv,1538,0
X_x.csv,-0.000602245,183.449,-0.0111303
Y_x.csv,1500,0
X_y.csv,0.263381,191.753,-0.0163968
Y_y.csv,1558,0
X_x.csv,-0.194953,183.448,0.194351
Y_x.csv,1500,0
X_y.csv,0.212435,192.016,0.0509455
Y_y.csv,1558,0
X_x.csv,-0.102833,183.253,-0.0921201
Y_x.csv,1500,0
X_y.csv,0.207513,192.228,0.00492197
Y_y.csv,1578,0
X_x.csv,0.0481119,183.151,-0.150945
Y_x.csv,1500,0
X_y.csv,0.305007,192.436,-0.0974944
Y_y.csv,1538,0
X_x.csv,0.0205311,183.199,0.0275807
Y_x.csv,1500,0
X_y.csv,0.279801,192.741,0.0252068
Y_y.csv,1550,0
X_x.csv,0.045933,183.219,-0.0254019
Y_x.csv,1500,0
X_y.csv,0.326418,193.021,-0.0466169
Y_y.csv,1550,0
X_x.csv,0.357111,183.265,-0.311178
Y_x.csv,1500,0
X_y.csv,0.430351,193.347,-0.103933
Y_y.csv,1616,0
X_x.csv,-0.135085,183.622,0.492196
Y_x.csv,1500,0
X_y.csv,0.302845,193.777,0.127506
Y_y.csv,1616,0
X_x.csv,-0.00122184,183.487,-0.133863
Y_x.csv,1500,0
X_y.csv,0.317618,194.08,-0.014773
Y_y.csv,1616,0
X_x.csv,0.137644,183.486,-0.138866
Y_x.csv,1500,0
X_y.csv,0.339305,194.398,-0.0216867
Y_y.csv,1596,0
X_x.csv,0.0644343,183.624,0.0732095
Y_x.csv,1500,0
X_y.csv,0.338104,194.737,0.00120115
Y_y.csv,1596,0
X_x.csv,0.0349231,183.688,0.0295113
Y_x.csv,1500,0
X_y.csv,0.338136,195.075,-3.26931e-05
Y_y.csv,1596,0
X_x.csv,-0.0394986,183.723,0.0744217
Y_x.csv,1500,0
X_y.csv,0.343636,195.413,-0.00550011
Y_y.csv,1556,0
X_x.csv,-0.124959,183.683,0.0854602
Y_x.csv,1500,0
X_y.csv,0.303291,195.757,0.0403455
Y_y.csv,1598,0
X_x.csv,-0.195912,183.558,0.0709535
Y_x.csv,1500,0
X_y.csv,0.295601,196.06,0.00769025
Y_y.csv,1518,0
X_x.csv,-0.203085,183.363,0.00717312
Y_x.csv,1500,0
X_y.csv,0.300618,196.356,-0.00501758
Y_y.csv,1538,0
X_x.csv,-0.344362,183.159,0.141277
Y_x.csv,1500,0
X_y.csv,0.290519,196.657,0.0100995
Y_y.csv,1570,0
X_x.csv,-0.320261,182.815,-0.0241014
Y_x.csv,1500,0
X_y.csv,0.283659,196.947,0.00685945
Y_y.csv,1570,0
X_x.csv,-0.582252,182.495,0.261991
Y_x.csv,1500,0
X_y.csv,0.220236,197.231,0.0634228
Y_y.csv,1530,0
X_x.csv,-0.0512339,181.913,-0.531018
Y_x.csv,1500,0
X_y.csv,0.351958,197.451,-0.131722
Y_y.csv,1510,0
X_x.csv,-0.153388,181.861,0.102154
Y_x.csv,1500,0
X_y.csv,0.349298,197.803,0.00266039
Y_y.csv,1500,0
X_x.csv,-0.803673,181.708,0.650285
Y_x.csv,1500,0
X_y.csv,0.203718,198.152,0.14558
Y_y.csv,1510,0
X_x.csv,-0.766643,180.904,-0.0370303
Y_x.csv,1494,0
X_y.csv,0.11254,198.356,0.0911783
Y_y.csv,1500,0
X_x.csv,-0.961301,180.138,0.194659
Y_x.csv,1494,0
X_y.csv,0.168912,198.468,-0.0563722
Y_y.csv,1500,0
X_x.csv,-0.74758,179.176,-0.213721
Y_x.csv,1500,0
X_y.csv,0.178166,198.637,-0.00925398
Y_y.csv,1500,0
X_x.csv,-0.729215,178.429,-0.0183653
Y_x.csv,1500,0
X_y.csv,0.211278,198.816,-0.0331126
Y_y.csv,1500,0
X_x.csv,-0.812369,177.7,0.0831541
Y_x.csv,1480,0
X_y.csv,0.17664,199.027,0.0346388
Y_y.csv,1500,0
X_x.csv,-0.132646,176.887,-0.679723
Y_x.csv,1488,0
X_y.csv,0.351918,199.203,-0.175279
Y_y.csv,1500,0
X_x.csv,-0.860805,176.755,0.728159
Y_x.csv,1478,0
X_y.csv,0.190611,199.555,0.161307
Y_y.csv,1500,0
X_x.csv,-0.141136,175.894,-0.719669
Y_x.csv,1478,0
X_y.csv,0.359957,199.746,-0.169346
Y_y.csv,1500,0
X_x.csv,-0.811601,175.753,0.670465
Y_x.csv,1474,0
X_y.csv,0.256446,200.106,0.103511
Y_y.csv,1500,0
X_x.csv,-0.573576,174.941,-0.238025
Y_x.csv,1440,0
X_y.csv,0.258175,200.362,-0.00172862
Y_y.csv,1500,0
X_x.csv,-0.696731,174.367,0.123155
Y_x.csv,1476,0
X_y.csv,0.206888,200.621,0.051287
Y_y.csv,1500,0
X_x.csv,-0.598017,173.671,-0.0987148
Y_x.csv,1500,0
X_y.csv,0.121087,200.827,0.0858008
Y_y.csv,1500,0
X_x.csv,-0.122125,173.073,-0.475892
Y_x.csv,1500,0
X_y.csv,0.0884938,200.949,0.0325931
Y_y.csv,1500,0
X_x.csv,-0.3849,172.951,0.262775
Y_x.csv,1500,0
X_y.csv,0.20845,201.037,-0.119956
Y_y.csv,1500,0
X_x.csv,-0.538467,172.566,0.153568
Y_x.csv,1500,0
X_y.csv,0.216874,201.245,-0.00842372
Y_y.csv,1500,0
X_x.csv,-0.593179,172.027,0.0547118
Y_x.csv,1500,0
X_y.csv,0.310573,201.462,-0.0936988
Y_y.csv,1500,0
X_x.csv,-0.57067,171.434,-0.0225097
Y_x.csv,1500,0
X_y.csv,0.358516,201.773,-0.0479436
Y_y.csv,1500,0
X_x.csv,-0.587299,170.863,0.0166292
Y_x.csv,1500,0
X_y.csv,0.338467,202.131,0.020049
Y_y.csv,1500,0
X_x.csv,-0.532225,170.276,-0.055074
Y_x.csv,1476,0
X_y.csv,0.350043,202.47,-0.0115761
Y_y.csv,1500,0
X_x.csv,-0.405355,169.744,-0.12687
Y_x.csv,1420,0
X_y.csv,0.310734,202.82,0.0393095
Y_y.csv,1500,0
X_x.csv,-0.319406,169.338,-0.0859491
Y_x.csv,1492,0
X_y.csv,0.321744,203.131,-0.0110106
Y_y.csv,1500,0
X_x.csv,-0.354051,169.019,0.0346451
Y_x.csv,1422,0
X_y.csv,0.379128,203.452,-0.0573834
Y_y.csv,1500,0
X_x.csv,-0.399772,168.665,0.0457211
Y_x.csv,1422,0
X_y.csv,0.351765,203.832,0.0273629
Y_y.csv,1500,0
X_x.csv,0.0452758,168.265,-0.445048
Y_x.csv,1330,0
X_y.csv,0.457712,204.183,-0.105947
Y_y.csv,1500,0
X_x.csv,-0.41093,168.311,0.456205
Y_x.csv,1394,0
X_y.csv,0.415793,204.641,0.0419191
Y_y.csv,1500,0
X_x.csv,-0.419068,167.9,0.00813824
Y_x.csv,1402,0
X_y.csv,0.300175,205.057,0.115618
Y_y.csv,1500,0
X_x.csv,-0.39683,167.481,-0.0222379
Y_x.csv,1442,0
X_y.csv,0.269762,205.357,0.0304131
Y_y.csv,1500,0
X_x.csv,-0.406684,167.084,0.00985432
Y_x.csv,1374,0
X_y.csv,0.345582,205.627,-0.0758204
Y_y.csv,1538,0
X_x.csv,-0.447592,166.677,0.040908
Y_x.csv,1386,0
X_y.csv,0.350863,205.972,-0.00528058
Y_y.csv,1518,0
X_x.csv,-0.317256,166.229,-0.130336
Y_x.csv,1366,0
X_y.csv,0.284613,206.323,0.0662499
Y_y.csv,1500,0
X_x.csv,-0.162802,165.912,-0.154454
Y_x.csv,1378,0
X_y.csv,0.264012,206.608,0.020601
Y_y.csv,1500,0
X_x.csv,-0.302855,165.749,0.140053
Y_x.csv,1378,0
X_y.csv,0.354116,206.872,-0.0901038
Y_y.csv,1500,0
X_x.csv,-0.142385,165.447,-0.16047
Y_x.csv,1380,0
X_y.csv,0.464462,207.226,-0.110346
Y_y.csv,1500,0
X_x.csv,0.0572869,165.304,-0.199672
Y_x.csv,1392,0
X_y.csv,0.420368,207.69,0.0440942
Y_y.csv,1500,0
X_x.csv,-0.657205,165.361,0.714492
Y_x.csv,1392,0
X_y.csv,0.406236,208.111,0.0141319
Y_y.csv,1500,0
X_x.csv,-0.884965,164.704,0.22776
Y_x.csv,1402,0
X_y.csv,0.522092,208.517,-0.115856
Y_y.csv,1500,0
X_x.csv,-0.622261,163.819,-0.262704
Y_x.csv,1444,0
X_y.csv,0.353594,209.039,0.168498
Y_y.csv,1500,0
X_x.csv,-0.481448,163.197,-0.140813
Y_x.csv,1444,0
X_y.csv,0.283847,209.393,0.0697476
Y_y.csv,1500,0
X_x.csv,-0.358985,162.716,-0.122463
Y_x.csv,1464,0
X_y.csv,0.121066,209.677,0.162781
Y_y.csv,1500,0
X_x.csv,-0.368088,162.357,0.00910294
Y_x.csv,1462,0
X_y.csv,0.0874768,209.798,0.0335891
Y_y.csv,1500,0
X_x.csv,0.283876,161.988,-0.651964
Y_x.csv,1500,0
X_y.csv,0.152458,209.885,-0.0649816
Y_y.csv,1500,0
X_x.csv,0.105627,162.272,0.178249
Y_x.csv,1500,0
X_y.csv,-0.109248,210.038,0.261706
Y_y.csv,1500,0
X_x.csv,0.100745,162.378,0.00488254
Y_x.csv,1500,0
X_y.csv,0.0103868,209.928,-0.119635
Y_y.csv,1500,0
X_x.csv,0.0847653,162.479,0.0159796
Y_x.csv,1544,0
X_y.csv,-0.0631806,209.939,0.0735674
Y_y.csv,1500,0
X_x.csv,0.315616,162.563,-0.230851
Y_x.csv,1690,0
X_y.csv,-0.237302,209.876,0.174121
Y_y.csv,1500,0
X_x.csv,0.37261,162.879,-0.0569936
Y_x.csv,1532,0
X_y.csv,0.165581,209.638,-0.402883
Y_y.csv,1500,0
X_x.csv,0.38961,163.252,-0.0169999
Y_x.csv,1502,0
X_y.csv,-0.260883,209.804,0.426465
Y_y.csv,1500,0
X_x.csv,0.380672,163.641,0.00893784
Y_x.csv,1500,0
X_y.csv,-0.290967,209.543,0.0300841
Y_y.csv,1500,0
X_x.csv,0.373802,164.022,0.0068697
Y_x.csv,1500,0
X_y.csv,-0.310652,209.252,0.0196849
Y_y.csv,1500,0
X_x.csv,0.310083,164.396,0.0637197
Y_x.csv,1552,0
X_y.csv,-0.29202,208.941,-0.0186322
Y_y.csv,1500,0
X_x.csv,0.412563,164.706,-0.102481
Y_x.csv,1512,0
X_y.csv,0.155801,208.649,-0.447821
Y_y.csv,1500,0
X_x.csv,0.374397,165.118,0.0381659
Y_x.csv,1500,0
X_y.csv,-0.103828,208.805,0.259629
Y_y.csv,1500,0
X_x.csv,0.168535,165.493,0.205863
Y_x.csv,1500,0
X_y.csv,-0.12618,208.701,0.0223523
Y_y.csv,1500,0
X_x.csv,0.169326,165.661,-0.000790969
Y_x.csv,1500,0
X_y.csv,-0.0852465,208.575,-0.0409338
Y_y.csv,1500,0
X_x.csv,0.17362,165.831,-0.00429422
Y_x.csv,1500,0
X_y.csv,-0.0146939,208.49,-0.0705526
Y_y.csv,1500,0
X_x.csv,0.174915,166.004,-0.00129521
Y_x.csv,1500,0
X_y.csv,-0.0178958,208.475,0.0032019
Y_y.csv,1500,0
X_x.csv,0.15577,166.179,0.0191454
Y_x.csv,1520,0
X_y.csv,-0.019461,208.457,0.00156522
Y_y.csv,1524,0
X_x.csv,0.200215,166.335,-0.0444449
Y_x.csv,1588,0
X_y.csv,0.0239981,208.438,-0.0434592
Y_y.csv,1518,0
X_x.csv,0.229931,166.535,-0.029716
Y_x.csv,1548,0
X_y.csv,0.268989,208.462,-0.244991
Y_y.csv,1500,0
X_x.csv,0.0927525,166.765,0.137178
Y_x.csv,1558,0
X_y.csv,0.0907029,208.731,0.178286
Y_y.csv,1518,0
X_x.csv,-0.0216209,166.858,0.114373
Y_x.csv,1590,0
X_y.csv,0.0321023,208.821,0.0586007
Y_y.csv,1530,0
X_x.csv,0.242064,166.836,-0.263685
Y_x.csv,1592,0
X_y.csv,0.339773,208.854,-0.307671
Y_y.csv,1520,0
X_x.csv,0.0103903,167.078,0.231674
Y_x.csv,1612,0
X_y.csv,0.0568472,209.193,0.282926
Y_y.csv,1540,0
X_x.csv,-0.00983423,167.089,0.0202245
Y_x.csv,1586,0
X_y.csv,0.0697715,209.25,-0.0129242
Y_y.csv,1540,0
X_x.csv,0.0276915,167.079,-0.0375257
Y_x.csv,1586,0
X_y.csv,0.0932198,209.32,-0.0234483
Y_y.csv,1540,0
X_x.csv,-0.0173512,167.107,0.0450427
Y_x.csv,1532,0
X_y.csv,0.0997256,209.413,-0.00650579
Y_y.csv,1530,0
X_x.csv,0.0442503,167.089,-0.0616016
Y_x.csv,1532,0
X_y.csv,0.13727,209.513,-0.037544
Y_y.csv,1530,0
X_x.csv,-0.0426506,167.133,0.0869009
Y_x.csv,1512,0
X_y.csv,0.160363,209.65,-0.0230932
Y_y.csv,1530,0
X_x.csv,0.133044,167.091,-0.175695
Y_x.csv,1500,0
X_y.csv,0.349044,209.811,-0.188681
Y_y.csv,1500,0
X_x.csv,-0.119152,167.224,0.252196
Y_x.csv,1512,0
X_y.csv,0.201555,210.16,0.147488
Y_y.csv,1530,0
X_x.csv,-0.188756,167.105,0.0696041
Y_x.csv,1532,0
X_y.csv,0.243841,210.361,-0.0422854
Y_y.csv,1568,0
X_x.csv,-0.00811513,166.916,-0.180641
Y_x.csv,1512,0
X_y.csv,0.334209,210.605,-0.090368
Y_y.csv,1520,0
X_x.csv,-0.284548,166.908,0.276433
Y_x.csv,1544,0
X_y.csv,0.255695,210.939,0.0785137
Y_y.csv,1540,0
X_x.csv,-0.0203535,166.623,-0.264195
Y_x.csv,1544,0
X_y.csv,0.34096,211.195,-0.0852648
Y_y.csv,1542,0
X_x.csv,-0.485684,166.603,0.46533
Y_x.csv,1544,0
X_y.csv,0.285501,211.536,0.0554591
Y_y.csv,1542,0
X_x.csv,-0.300152,166.117,-0.185532
Y_x.csv,1500,0
X_y.csv,0.349337,211.821,-0.0638368
Y_y.csv,1518,0
X_x.csv,-0.445799,0,0.145648
Y_x.csv,1500,0
X_y.csv,0.293141,212.171,0.056196
Y_y.csv,1510,0
X_x.csv,-0.40426,-0.445799,-0.041539
Y_x.csv,1500,0
X_y.csv,0.303468,212.464,-0.0103261
Y_y.csv,1510,0
X_x.csv,-0.445,-0.850059,0.0407399
Y_x.csv,1522,0
X_y.csv,0.310423,212.767,-0.00695586
Y_y.csv,1510,0
X_x.csv,-0.466545,-1.29506,0.0215452
Y_x.csv,1528,0
X_y.csv,0.345118,213.078,-0.0346946
Y_y.csv,1510,0
X_x.csv,-0.498066,-1.7616,0.0315213
Y_x.csv,1528,0
X_y.csv,0.318727,213.423,0.0263906
Y_y.csv,1500,0
X_x.csv,-0.507066,-2.25967,0.00899953
Y_x.csv,1500,0
X_y.csv,0.323639,213.742,-0.00491139
Y_y.csv,1500,0
X_x.csv,-0.501516,-2.76674,-0.00554967
Y_x.csv,1508,0
X_y.csv,0.341203,214.065,-0.0175638
Y_y.csv,1500,0
X_x.csv,-0.555746,-3.26825,0.0542296
Y_x.csv,1528,0
X_y.csv,0.321657,214.406,0.0195461
Y_y.csv,1500,0
X_x.csv,-0.563322,-3.824,0.00757599
Y_x.csv,1528,0
X_y.csv,0.36327,214.728,-0.0416131
Y_y.csv,1500,0
X_x.csv,-0.483297,-4.38732,-0.080025
Y_x.csv,1500,0
X_y.csv,0.337051,215.091,0.0262182
Y_y.csv,1500,0
X_x.csv,-0.513967,-4.87062,0.0306703
Y_x.csv,1504,0
X_y.csv,0.344246,215.428,-0.00719428
Y_y.csv,1500,0
X_x.csv,-0.591793,-5.38459,0.0778261
Y_x.csv,1504,0
X_y.csv,0.370708,215.773,-0.0264622
Y_y.csv,1500,0
X_x.csv,-0.522025,-5.97638,-0.0697682
Y_x.csv,1514,0
X_y.csv,0.358209,216.143,0.0124988
Y_y.csv,1500,0
X_x.csv,-0.554123,-6.4984,0.0320976
Y_x.csv,1550,0
X_y.csv,0.353094,216.502,0.00511509
Y_y.csv,1500,0
X_x.csv,-0.543294,-7.05253,-0.0108284
Y_x.csv,1500,0
X_y.csv,0.353504,216.855,-0.000409812
Y_y.csv,1500,0
X_x.csv,-0.55969,-7.59582,0.016395
Y_x.csv,1546,0
X_y.csv,0.365119,217.208,-0.0116149
Y_y.csv,1500,0
X_x.csv,-0.508252,-8.15551,-0.0514371
Y_x.csv,1502,0
X_y.csv,0.375715,217.573,-0.0105966
Y_y.csv,1500,0
X_x.csv,-0.534518,-8.66376,0.0262653
Y_x.csv,1500,0
X_y.csv,0.372505,217.949,0.00321037
Y_y.csv,1500,0
X_x.csv,-0.585744,-9.19828,0.051226
Y_x.csv,1500,0
X_y.csv,0.34529,218.321,0.0272147
Y_y.csv,1510,0
X_x.csv,-0.414036,-9.78402,-0.171707
Y_x.csv,1574,0
X_y.csv,0.395007,218.667,-0.0497167
Y_y.csv,1500,0
X_x.csv,-0.6671,-10.1981,0.253063
Y_x.csv,1534,0
X_y.csv,0.372738,219.062,0.022269
Y_y.csv,1500,0
X_x.csv,-0.540329,-10.8652,-0.12677
Y_x.csv,1554,0
X_y.csv,0.384535,219.434,-0.0117968
Y_y.csv,1500,0
X_x.csv,-0.648882,-11.4055,0.108553
Y_x.csv,1574,0
X_y.csv,0.364712,219.819,0.0198225
Y_y.csv,1500,0
X_x.csv,-0.620415,-12.0544,-0.0284677
Y_x.csv,1532,0
X_y.csv,0.378255,220.184,-0.0135428
Y_y.csv,1504,0
X_x.csv,-0.591735,-12.6748,-0.0286792
Y_x.csv,1532,0
X_y.csv,0.373996,220.562,0.00425944
Y_y.csv,1504,0
X_x.csv,-0.600728,-13.2665,0.00899208
Y_x.csv,1512,0
X_y.csv,0.417698,220.936,-0.043702
Y_y.csv,1504,0
X_x.csv,-0.628715,-13.8672,0.0279872
Y_x.csv,1500,0
X_y.csv,0.389272,221.354,0.0284259
Y_y.csv,1504,0
X_x.csv,-0.509039,-14.496,-0.119676
Y_x.csv,1500,0
X_y.csv,0.399082,221.743,-0.00980991
Y_y.csv,1500,0
X_x.csv,-0.652175,-15.005,0.143136
Y_x.csv,1500,0
X_y.csv,0.42214,222.142,-0.0230583
Y_y.csv,1500,0
X_x.csv,-0.523462,-15.6572,-0.128714
Y_x.csv,1500,0
X_y.csv,0.421962,222.564,0.000178367
Y_y.csv,1500,0
X_x.csv,-0.619747,-16.1806,0.0962857
Y_x.csv,1500,0
X_y.csv,0.43692,222.986,-0.0149588
Y_y.csv,1500,0
X_x.csv,-0.555764,-16.8004,-0.063983
Y_x.csv,1512,0
X_y.csv,0.424452,223.423,0.0124681
Y_y.csv,1500,0
X_x.csv,-0.713794,-17.3562,0.15803
Y_x.csv,1512,0
X_y.csv,0.44441,223.848,-0.0199574
Y_y.csv,1500,0
X_x.csv,-0.510786,-18.0699,-0.203008
Y_x.csv,1530,0
X_y.csv,0.431051,224.292,0.0133586
Y_y.csv,1500,0
X_x.csv,-0.721726,-18.5807,0.21094
Y_x.csv,1564,0
X_y.csv,0.461914,224.723,-0.0308633
Y_y.csv,1524,0
X_x.csv,-0.719283,-19.3025,-0.00244308
Y_x.csv,1524,0
X_y.csv,0.456313,225.185,0.00560087
Y_y.csv,1500,0
X_x.csv,-0.6954,-20.0217,-0.0238829
Y_x.csv,1544,0
X_y.csv,0.475739,225.641,-0.0194259
Y_y.csv,1508,0
X_x.csv,-0.677884,-20.7171,-0.017516
Y_x.csv,1564,0
X_y.csv,0.490784,226.117,-0.015045
Y_y.csv,1510,0
X_x.csv,-0.692939,-21.395,0.0150556
Y_x.csv,1564,0
X_y.csv,0.46785,226.608,0.022934
Y_y.csv,1514,0
X_x.csv,-0.655322,-22.088,-0.0376176
Y_x.csv,1564,0
X_y.csv,0.487457,227.076,-0.0196066
Y_y.csv,1514,0
X_x.csv,-0.707484,-22.7433,0.0521622
Y_x.csv,1522,0
X_y.csv,0.454335,227.563,0.0331218
Y_y.csv,1502,0
X_x.csv,-0.675671,-23.4508,-0.0318127
Y_x.csv,1532,0
X_y.csv,0.456029,228.017,-0.0016937
Y_y.csv,1538,0
X_x.csv,-0.679201,-24.1264,0.00353014
Y_x.csv,1500,0
X_y.csv,0.466178,228.473,-0.0101492
Y_y.csv,1500,0
X_x.csv,-0.644064,-24.8056,-0.0351379
Y_x.csv,1500,0
X_y.csv,0.478118,228.94,-0.01194
Y_y.csv,1530,0
X_x.csv,-0.617986,-25.4497,-0.0260779
Y_x.csv,1500,0
X_y.csv,0.482319,229.418,-0.00420135
Y_y.csv,1500,0
X_x.csv,-0.583396,-26.0677,-0.0345896
Y_x.csv,1500,0
X_y.csv,0.509613,229.9,-0.0272939
Y_y.csv,1500,0
X_x.csv,-0.581116,-26.6511,-0.00227982
Y_x.csv,1500,0
X_y.csv,0.509664,230.41,-5.10216e-05
Y_y.csv,1530,0
X_x.csv,-0.609704,-27.2322,0.0285874
Y_x.csv,1500,0
X_y.csv,0.49662,230.919,0.013044
Y_y.csv,1518,0
X_x.csv,-0.570142,-27.8419,-0.0395613
Y_x.csv,1500,0
X_y.csv,0.495917,231.416,0.000703841
Y_y.csv,1500,0
X_x.csv,-0.634702,-28.412,0.0645593
Y_x.csv,1500,0
X_y.csv,0.487467,231.912,0.00844938
Y_y.csv,1500,0
X_x.csv,-0.701183,-29.0467,0.066481
Y_x.csv,1500,0
X_y.csv,0.487351,232.399,0.000115722
Y_y.csv,1518,0
X_x.csv,-0.65101,-29.7479,-0.0501726
Y_x.csv,1500,0
X_y.csv,0.498506,232.887,-0.0111543
Y_y.csv,1542,0
X_x.csv,-0.605091,-30.3989,-0.0459187
Y_x.csv,1440,0
X_y.csv,0.519502,233.385,-0.0209966
Y_y.csv,1576,0
X_x.csv,-0.651494,-31.004,0.0464022
Y_x.csv,1470,0
X_y.csv,0.505667,233.905,0.0138357
Y_y.csv,1536,0
X_x.csv,-0.642942,-31.6555,-0.00855118
Y_x.csv,1450,0
X_y.csv,0.496231,234.41,0.00943616
Y_y.csv,1556,0
X_x.csv,-0.584658,-32.2985,-0.0582847
Y_x.csv,1490,0
X_y.csv,0.503418,234.907,-0.00718769
Y_y.csv,1516,0
X_x.csv,-0.555152,-32.8831,-0.0295057
Y_x.csv,1414,0
X_y.csv,0.498319,235.41,0.00509897
Y_y.csv,1596,0
X_x.csv,-0.532079,-33.4383,-0.0230729
Y_x.csv,1374,0
X_y.csv,0.487441,235.908,0.0108784
Y_y.csv,1636,0
X_x.csv,-0.614664,-33.9704,0.082585
Y_x.csv,1434,0
X_y.csv,0.516417,236.396,-0.0289765
Y_y.csv,1576,0
X_x.csv,-0.571575,-34.585,-0.0430891
Y_x.csv,1454,0
X_y.csv,0.541369,236.912,-0.0249512
Y_y.csv,1556,0
X_x.csv,-0.413435,-35.1566,-0.15814
Y_x.csv,1390,0
X_y.csv,0.559658,237.453,-0.0182893
Y_y.csv,1636,0
X_x.csv,-0.413431,-35.57,-4.44055e-06
Y_x.csv,1450,0
X_y.csv,0.560588,238.013,-0.000930607
Y_y.csv,1596,0
X_x.csv,-0.58424,-35.9835,0.170809
Y_x.csv,1450,0
X_y.csv,0.492529,238.574,0.0680594
Y_y.csv,1596,0
X_x.csv,-0.620941,-36.5677,0.0367003
Y_x.csv,1432,0
X_y.csv,0.451437,239.066,0.0410922
Y_y.csv,1616,0
X_x.csv,-0.929728,-37.1886,0.308787
Y_x.csv,1440,0
X_y.csv,0.396686,239.518,0.0547506
Y_y.csv,1616,0
X_x.csv,-0.759651,-38.1184,-0.170077
Y_x.csv,1440,0
X_y.csv,0.404408,239.914,-0.0077213
Y_y.csv,1616,0
X_x.csv,-0.735409,-38.878,-0.0242417
Y_x.csv,1460,0
X_y.csv,0.405688,240.319,-0.00128052
Y_y.csv,1628,0
X_x.csv,-1.0486,-39.6134,0.313194
Y_x.csv,1460,0
X_y.csv,0.312481,240.724,0.0932073
Y_y.csv,1628,0
X_x.csv,-0.953425,-40.662,-0.0951784
Y_x.csv,1488,0
X_y.csv,0.339331,241.037,-0.0268504
Y_y.csv,1628,0
X_x.csv,-1.06299,-41.6155,0.109567
Y_x.csv,1494,0
X_y.csv,0.288839,241.376,0.0504922
Y_y.csv,1648,0
X_x.csv,-1.20187,-42.6785,0.138882
Y_x.csv,1500,0
X_y.csv,0.245861,241.665,0.0429785
Y_y.csv,1628,0
X_x.csv,-1.10804,-43.8803,-0.0938315
Y_x.csv,1500,0
X_y.csv,0.268596,241.911,-0.0227353
Y_y.csv,1510,0
X_x.csv,-1.64611,-44.9884,0.538067
Y_x.csv,1500,0
X_y.csv,0.110191,242.18,0.158405
Y_y.csv,1510,0
X_x.csv,-1.14738,-46.6345,-0.498726
Y_x.csv,1500,0
X_y.csv,0.255153,242.29,-0.144962
Y_y.csv,1500,0
X_x.csv,-2.05458,-47.7819,0.907197
Y_x.csv,1500,0
X_y.csv,0.0266482,242.545,0.228505
Y_y.csv,1500,0
X_x.csv,-2.07339,-49.8365,0.0188048
Y_x.csv,1500,0
X_y.csv,0.000722557,242.572,0.0259256
Y_y.csv,1500,0
X_x.csv,-2.43017,-51.9098,0.35678
Y_x.csv,1500,0
X_y.csv,-0.0614684,242.572,0.0621909
Y_y.csv,1500,0
X_x.csv,-2.31118,-54.34,-0.118985
Y_x.csv,1500,0
X_y.csv,-0.0302142,242.511,-0.0312542
Y_y.csv,1500,0
X_x.csv,-2.31387,-56.6512,0.00268817
Y_x.csv,1500,0
X_y.csv,0.0517767,242.481,-0.0819909
Y_y.csv,1500,0
X_x.csv,-2.37918,-58.9651,0.0653114
Y_x.csv,1500,0
X_y.csv,-0.040186,242.532,0.0919627
Y_y.csv,1500,0
X_x.csv,-2.17605,-61.3442,-0.203134
Y_x.csv,1500,0
X_y.csv,0.0136698,242.492,-0.0538558
Y_y.csv,1500,0
X_x.csv,-2.05424,-63.5203,-0.121809
Y_x.csv,1500,0
X_y.csv,0.0480923,242.506,-0.0344225
Y_y.csv,1500,0
X_x.csv,-1.92192,-65.5745,-0.132312
Y_x.csv,1500,0
X_y.csv,0.0703058,242.554,-0.0222135
Y_y.csv,1500,0
X_x.csv,-1.91129,-67.4964,-0.0106313
Y_x.csv,1500,0
X_y.csv,0.0721985,242.624,-0.00189266
Y_y.csv,1500,0
X_x.csv,-1.93227,-69.4077,0.0209795
Y_x.csv,1500,0
X_y.csv,0.107238,242.696,-0.0350393
Y_y.csv,1500,0
X_x.csv,-1.88412,-71.34,-0.0481528
Y_x.csv,1500,0
X_y.csv,0.107858,242.804,-0.000620395
Y_y.csv,1500,0
X_x.csv,-1.97242,-73.2241,0.0882969
Y_x.csv,1500,0
X_y.csv,0.0758858,242.912,0.0319724
Y_y.csv,1500,0
X_x.csv,-1.89661,-75.1965,-0.0758088
Y_x.csv,1500,0
X_y.csv,0.0350935,242.987,0.0407923
Y_y.csv,1500,0
X_x.csv,-2.11223,-77.0932,0.215625
Y_x.csv,1500,0
X_y.csv,0.00476977,243.023,0.0303237
Y_y.csv,1500,0
X_x.csv,-2.05376,-79.2054,-0.0584683
Y_x.csv,1500,0
X_y.csv,0.081044,243.027,-0.0762742
Y_y.csv,1478,0
X_x.csv,-1.86096,-81.2592,-0.192808
Y_x.csv,1500,0
X_y.csv,0.0295842,243.108,0.0514598
Y_y.csv,1450,0
X_x.csv,-1.83302,-83.1201,-0.0279392
Y_x.csv,1500,0
X_y.csv,0.0117439,243.138,0.0178403
Y_y.csv,1450,0
X_x.csv,-1.78062,-84.9531,-0.0524
Y_x.csv,1500,0
X_y.csv,-0.689621,243.15,0.701365
Y_y.csv,1494,0
X_x.csv,-1.78085,-86.7337,0.000233531
Y_x.csv,1484,0
X_y.csv,-0.698114,242.46,0.0084933
Y_y.csv,1464,0
X_x.csv,-0.958626,-88.5146,-0.822225
Y_x.csv,1500,0
X_y.csv,-0.469791,241.762,-0.228323
Y_y.csv,1468,0
X_x.csv,-2.12021,-89.4732,1.16159
Y_x.csv,1500,0
X_y.csv,-0.775506,241.292,0.305714
Y_y.csv,1462,0
X_x.csv,-1.92139,-91.5934,-0.198822
Y_x.csv,1490,0
X_y.csv,-0.73731,240.517,-0.0381961
Y_y.csv,1442,0
X_x.csv,-1.87501,-93.5148,-0.046378
Y_x.csv,1500,0
X_y.csv,-0.762218,239.779,0.0249089
Y_y.csv,1482,0
X_x.csv,-2.09869,-95.3898,0.22368
Y_x.csv,1500,0
X_y.csv,-0.690618,239.017,-0.0716002
Y_y.csv,1500,0
X_x.csv,-1.29414,-97.4885,-0.804551
Y_x.csv,1498,0
X_y.csv,-0.516426,238.327,-0.174193
Y_y.csv,1462,0
X_x.csv,-2.00214,-98.7827,0.708003
Y_x.csv,1500,0
X_y.csv,-0.682108,237.81,0.165682
Y_y.csv,1482,0
X_x.csv,-1.77347,-100.785,-0.228671
Y_x.csv,1500,0
X_y.csv,-0.65843,237.128,-0.0236783
Y_y.csv,1482,0
X_x.csv,-1.14863,-102.558,-0.62484
Y_x.csv,1474,0
X_y.csv,-0.504172,236.47,-0.154258
Y_y.csv,1442,0
X_x.csv,-1.64875,-103.707,0.500118
Y_x.csv,1474,0
X_y.csv,-0.609652,235.965,0.105481
Y_y.csv,1442,0
X_x.csv,-1.18315,-105.356,-0.465605
Y_x.csv,1428,0
X_y.csv,-0.496953,235.356,-0.1127
Y_y.csv,1422,0
X_x.csv,-1.82155,-106.539,0.6384
Y_x.csv,1448,0
X_y.csv,-0.639739,234.859,0.142787
Y_y.csv,1442,0
X_x.csv,-1.80772,-108.36,-0.0138273
Y_x.csv,1468,0
X_y.csv,-0.632508,234.219,-0.00723124
Y_y.csv,1462,0
X_x.csv,-1.16428,-110.168,-0.643441
Y_x.csv,1468,0
X_y.csv,-0.475351,233.587,-0.157157
Y_y.csv,1462,0
X_x.csv,-1.72824,-111.332,0.563961
Y_x.csv,1500,0
X_y.csv,-0.636847,233.111,0.161496
Y_y.csv,1500,0
X_x.csv,-1.11486,-113.061,-0.613382
Y_x.csv,1448,0
X_y.csv,-0.46184,232.474,-0.175007
Y_y.csv,1428,0
X_x.csv,-1.59278,-114.175,0.477919
Y_x.csv,1482,0
X_y.csv,-0.603544,232.012,0.141704
Y_y.csv,1402,0
X_x.csv,-1.41027,-115.768,-0.18251
Y_x.csv,1484,0
X_y.csv,-0.58625,231.409,-0.0172932
Y_y.csv,1356,0
X_x.csv,-1.33981,-117.178,-0.0704538
Y_x.csv,1500,0
X_y.csv,-0.542727,230.823,-0.0435236
Y_y.csv,1378,0
X_x.csv,-1.38882,-118.518,0.0490109
Y_x.csv,1500,0
X_y.csv,-0.480744,230.28,-0.0619825
Y_y.csv,1394,0
X_x.csv,-1.34273,-119.907,-0.0460902
Y_x.csv,1500,0
X_y.csv,-0.490512,229.799,0.00976741
Y_y.csv,1396,0
X_x.csv,-1.59307,-121.25,0.250336
Y_x.csv,1470,0
X_y.csv,-0.489309,229.309,-0.00120276
Y_y.csv,1344,0
X_x.csv,-1.71265,-122.843,0.119585
Y_x.csv,1474,0
X_y.csv,-0.459453,228.819,-0.0298563
Y_y.csv,1364,0
X_x.csv,-1.59009,-124.556,-0.122568
Y_x.csv,1500,0
X_y.csv,-0.434955,228.36,-0.0244975
Y_y.csv,1404,0
X_x.csv,-1.43201,-126.146,-0.158073
Y_x.csv,1472,0
X_y.csv,-0.407626,227.925,-0.0273289
Y_y.csv,1364,0
X_x.csv,-1.20792,-127.578,-0.224092
Y_x.csv,1492,0
X_y.csv,-0.417342,227.517,0.00971571
Y_y.csv,1384,0
X_x.csv,-1.05346,-128.786,-0.154457
Y_x.csv,1474,0
X_y.csv,-0.392694,227.1,-0.0246483
Y_y.csv,1428,0
X_x.csv,-0.894405,-129.839,-0.15906
Y_x.csv,1474,0
X_y.csv,-0.363912,226.707,-0.0287819
Y_y.csv,1412,0
X_x.csv,-0.789656,-130.733,-0.104749
Y_x.csv,1500,0
X_y.csv,-0.359352,226.343,-0.00456029
Y_y.csv,1456,0
X_x.csv,-0.631278,-131.523,-0.158378
Y_x.csv,1468,0
X_y.csv,-0.341546,225.984,-0.0178058
Y_y.csv,1424,0
X_x.csv,-0.322078,-132.154,-0.3092
Y_x.csv,1438,0
X_y.csv,-0.305848,225.643,-0.0356976
Y_y.csv,1404,0
X_x.csv,-0.160099,-132.477,-0.161979
Y_x.csv,1474,0
X_y.csv,-0.282251,225.337,-0.0235974
Y_y.csv,1444,0
X_x.csv,0.0679,-132.637,-0.227999
Y_x.csv,1454,0
X_y.csv,-0.277144,225.054,-0.00510657
Y_y.csv,1424,0
X_x.csv,0.127749,-132.569,-0.0598491
Y_x.csv,1434,0
X_y.csv,-0.285505,224.777,0.00836128
Y_y.csv,1404,0
X_x.csv,0.174922,-132.441,-0.0471732
Y_x.csv,1454,0
X_y.csv,-0.253497,224.492,-0.0320085
Y_y.csv,1424,0
X_x.csv,-0.317716,-132.266,0.492638
Y_x.csv,1500,0
X_y.csv,-0.233014,224.238,-0.0204828
Y_y.csv,1486,0
X_x.csv,0.304367,-132.584,-0.622083
Y_x.csv,1500,0
X_y.csv,-0.198572,224.005,-0.0344421
Y_y.csv,1500,0
X_x.csv,0.376341,-132.279,-0.0719734
Y_x.csv,1500,0
X_y.csv,-0.15784,223.807,-0.040732
Y_y.csv,1500,0
X_x.csv,0.394534,-131.903,-0.0181937
Y_x.csv,1500,0
X_y.csv,-0.204336,223.649,0.0464958
Y_y.csv,1500,0
X_x.csv,0.412202,-131.508,-0.0176674
Y_x.csv,1500,0
X_y.csv,-0.148127,223.445,-0.0562093
Y_y.csv,1500,0
X_x.csv,0.588045,-131.096,-0.175843
Y_x.csv,1500,0
X_y.csv,-0.136873,223.296,-0.0112537
Y_y.csv,1500,0
X_x.csv,0.54092,-130.508,0.0471244
Y_x.csv,1500,0
X_y.csv,-0.142225,223.16,0.00535223
Y_y.csv,1500,0
X_x.csv,0.499027,-129.967,0.0418933
Y_x.csv,1500,0
X_y.csv,-0.124879,223.017,-0.0173461
Y_y.csv,1500,0
X_x.csv,0.622018,-129.468,-0.122991
Y_x.csv,1500,0
X_y.csv,-0.0986273,222.892,-0.0262517
Y_y.csv,1500,0
X_x.csv,0.602133,-128.846,0.0198858
Y_x.csv,1500,0
X_y.csv,-0.121981,222.794,0.0233536
Y_y.csv,1500,0
X_x.csv,0.52796,-128.244,0.0741721
Y_x.csv,1500,0
X_y.csv,-0.0992389,222.672,-0.022742
Y_y.csv,1500,0
X_x.csv,0.480055,-127.716,0.047905
Y_x.csv,1500,0
X_y.csv,-0.1128,222.573,0.0135609
Y_y.csv,1500,0
X_x.csv,0.473377,-127.236,0.00667864
Y_x.csv,1500,0
X_y.csv,-0.089765,222.46,-0.0230348
Y_y.csv,1500,0
X_x.csv,0.417748,-126.763,0.0556286
Y_x.csv,1500,0
X_y.csv,-0.149477,222.37,0.0597124
Y_y.csv,1500,0
X_x.csv,0.392347,-126.345,0.0254017
Y_x.csv,1500,0
X_y.csv,-0.155575,222.221,0.00609751
Y_y.csv,1500,0
X_x.csv,0.402321,-125.953,-0.00997418
Y_x.csv,1500,0
X_y.csv,-0.133589,222.065,-0.0219859
Y_y.csv,1500,0
X_x.csv,0.0586968,-125.55,0.343624
Y_x.csv,1500,0
X_y.csv,-0.190341,221.931,0.0567523
Y_y.csv,1500,0
X_x.csv,0.584289,-125.492,-0.525592
Y_x.csv,1552,0
X_y.csv,-0.181368,221.741,-0.00897288
Y_y.csv,1500,0
X_x.csv,0.483184,-124.907,0.101106
Y_x.csv,1512,0
X_y.csv,-0.117921,221.56,-0.0634472
Y_y.csv,1500,0
X_x.csv,0.392942,-124.424,0.0902418
Y_x.csv,1532,0
X_y.csv,-0.083244,221.442,-0.0346773
Y_y.csv,1500,0
X_x.csv,0.541503,-124.031,-0.148561
Y_x.csv,1544,0
X_y.csv,-0.15732,221.358,0.074076
Y_y.csv,1500,0
X_x.csv,0.39723,-123.49,0.144273
Y_x.csv,1524,0
X_y.csv,-0.1711,221.201,0.0137805
Y_y.csv,1500,0
X_x.csv,0.477033,-123.092,-0.0798036
Y_x.csv,1544,0
X_y.csv,-0.10377,221.03,-0.0673309
Y_y.csv,1540,0
X_x.csv,0.377864,-122.615,0.0991691
Y_x.csv,1544,0
X_y.csv,-0.122483,220.926,0.0187132
Y_y.csv,1540,0
X_x.csv,0.31364,-122.238,0.0642245
Y_x.csv,1544,0
X_y.csv,-0.128058,220.804,0.00557557
Y_y.csv,1556,0
X_x.csv,0.443853,-121.924,-0.130213
Y_x.csv,1564,0
X_y.csv,-0.164463,220.676,0.0364044
Y_y.csv,1588,0
X_x.csv,0.303989,-121.48,0.139864
Y_x.csv,1524,0
X_y.csv,-0.151865,220.511,-0.0125977
Y_y.csv,1558,0
X_x.csv,0.301165,-121.176,0.00282407
Y_x.csv,1554,0
X_y.csv,-0.135644,220.359,-0.0162216
Y_y.csv,1578,0
X_x.csv,0.408045,-120.875,-0.10688
Y_x.csv,1554,0
X_y.csv,-0.116444,220.224,-0.0191997
Y_y.csv,1578,0
X_x.csv,0.334432,-120.467,0.0736135
Y_x.csv,1546,0
X_y.csv,-0.0841561,220.107,-0.0322877
Y_y.csv,1558,0
X_x.csv,0.257027,-120.132,0.0774049
Y_x.csv,1576,0
X_y.csv,-0.108718,220.023,0.024562
Y_y.csv,1578,0
X_x.csv,0.264721,-119.875,-0.0076943
Y_x.csv,1548,0
X_y.csv,-0.100565,219.914,-0.00815338
Y_y.csv,1538,0
X_x.csv,0.268442,-119.611,-0.00372058
Y_x.csv,1590,0
X_y.csv,-0.1169,219.814,0.0163353
Y_y.csv,1606,0
X_x.csv,0.225097,-119.342,0.0433448
Y_x.csv,1610,0
X_y.csv,-0.0865659,219.697,-0.0303341
Y_y.csv,1612,0
X_x.csv,0.183925,-119.117,0.0411718
Y_x.csv,1622,0
X_y.csv,-0.0879533,219.61,0.00138745
Y_y.csv,1626,0
X_x.csv,0.203423,-118.933,-0.0194976
Y_x.csv,1602,0
X_y.csv,-0.13008,219.522,0.0421267
Y_y.csv,1606,0
X_x.csv,0.108623,-118.73,0.0947994
Y_x.csv,1562,0
X_y.csv,-0.0892098,219.392,-0.0408702
Y_y.csv,1550,0
X_x.csv,-0.27193,-118.621,0.380553
Y_x.csv,1602,0
X_y.csv,-0.12955,219.303,0.0403398
Y_y.csv,1556,0
X_x.csv,0.000551403,-118.893,-0.272481
Y_x.csv,1554,0
X_y.csv,-0.048268,219.174,-0.0812816
Y_y.csv,1518,0
X_x.csv,-0.146569,-118.893,0.147121
Y_x.csv,1564,0
X_y.csv,-0.113934,219.125,0.0656656
Y_y.csv,1538,0
X_x.csv,-0.23857,-119.039,0.092001
Y_x.csv,1544,0
X_y.csv,-0.0886373,219.011,-0.0252964
Y_y.csv,1508,0
X_x.csv,-0.492984,-119.278,0.254414
Y_x.csv,1500,0
X_y.csv,-0.105731,218.923,0.0170937
Y_y.csv,1500,0
X_x.csv,-0.509066,-119.771,0.016082
Y_x.csv,1500,0
X_y.csv,-0.147764,218.817,0.042033
Y_y.csv,1500,0
X_x.csv,-0.638746,-120.28,0.12968
Y_x.csv,1460,0
X_y.csv,-0.0539375,218.669,-0.0938266
Y_y.csv,1500,0
X_x.csv,-0.668464,-120.919,0.0297178
Y_x.csv,1362,0
X_y.csv,-0.0649748,218.615,0.0110374
Y_y.csv,1500,0
X_x.csv,-0.653414,-121.587,-0.0150496
Y_x.csv,1350,0
X_y.csv,-0.0679716,218.55,0.00299683
Y_y.csv,1500,0
X_x.csv,-0.656514,-122.24,0.00309974
Y_x.csv,1354,0
X_y.csv,-0.096331,218.482,0.0283594
Y_y.csv,1500,0
X_x.csv,-0.643612,-122.897,-0.012902
Y_x.csv,1418,0
X_y.csv,-0.0699719,218.386,-0.0263591
Y_y.csv,1494,0
X_x.csv,-0.679376,-123.541,0.0357643
Y_x.csv,1460,0
X_y.csv,-0.0832235,218.316,0.0132516
Y_y.csv,1468,0
X_x.csv,-0.731996,-124.22,0.0526195
Y_x.csv,1460,0
X_y.csv,-0.0179016,218.233,-0.0653219
Y_y.csv,1468,0
X_x.csv,-0.783984,-124.952,0.0519887
Y_x.csv,1494,0
X_y.csv,-0.0130067,218.215,-0.00489491
Y_y.csv,1488,0
X_x.csv,-0.744718,-125.736,-0.0392665
Y_x.csv,1494,0
X_y.csv,-0.0684607,218.202,0.055454
Y_y.csv,1488,0
X_x.csv,-0.611356,-126.481,-0.133362
Y_x.csv,1500,0
X_y.csv,-0.252558,218.134,0.184098
Y_y.csv,1448,0
X_x.csv,-0.640007,-127.092,0.0286503
Y_x.csv,1500,0
X_y.csv,-0.249162,217.881,-0.00339651
Y_y.csv,1460,0
X_x.csv,-0.682874,-127.732,0.0428669
Y_x.csv,1500,0
X_y.csv,-0.250392,217.632,0.00123003
Y_y.csv,1440,0
X_x.csv,-0.710639,-128.415,0.0277654
Y_x.csv,1498,0
X_y.csv,-0.259302,217.381,0.00891042
Y_y.csv,1460,0
X_x.csv,-0.669916,-129.125,-0.0407233
Y_x.csv,1462,0
X_y.csv,-0.26665,217.122,0.00734818
Y_y.csv,1440,0
X_x.csv,-0.545474,-129.795,-0.124442
Y_x.csv,1500,0
X_y.csv,-0.316376,216.855,0.0497259
Y_y.csv,1500,0
X_x.csv,-0.614415,-130.341,0.0689409
Y_x.csv,1458,0
X_y.csv,-0.317999,216.539,0.00162232
Y_y.csv,1468,0
X_x.csv,-0.602026,-130.955,-0.0123896
Y_x.csv,1412,0
X_y.csv,-0.259304,216.221,-0.0586949
Y_y.csv,1448,0
X_x.csv,-0.581625,-131.557,-0.0204003
Y_x.csv,1422,0
X_y.csv,-0.24874,215.962,-0.0105636
Y_y.csv,1468,0
X_x.csv,-0.511011,-132.139,-0.0706139
Y_x.csv,1446,0
X_y.csv,-0.302537,215.713,0.0537966
Y_y.csv,1500,0
X_x.csv,-0.455793,-132.65,-0.0552188
Y_x.csv,1406,0
X_y.csv,-0.310358,215.411,0.00782105
Y_y.csv,1478,0
X_x.csv,-0.415438,-133.106,-0.0403548
Y_x.csv,1406,0
X_y.csv,-0.283027,215.1,-0.0273304
Y_y.csv,1478,0
X_x.csv,-0.511774,-133.521,0.0963359
Y_x.csv,1406,0
X_y.csv,-0.20845,214.817,-0.0745772
Y_y.csv,1478,0
X_x.csv,-0.472376,-134.033,-0.0393974
Y_x.csv,1466,0
X_y.csv,-0.253799,214.609,0.0453491
Y_y.csv,1500,0
X_x.csv,-0.491071,-134.505,0.0186945
Y_x.csv,1386,0
X_y.csv,-0.228968,214.355,-0.0248311
Y_y.csv,1458,0
X_x.csv,-0.467362,-134.996,-0.0237091
Y_x.csv,1466,0
X_y.csv,-0.297558,214.126,0.0685901
Y_y.csv,1500,0
X_x.csv,-0.490588,-135.464,0.0232261
Y_x.csv,1426,0
X_y.csv,-0.260705,213.828,-0.0368535
Y_y.csv,1498,0
X_x.csv,-0.469219,-135.954,-0.0213685
Y_x.csv,1406,0
X_y.csv,-0.329359,213.568,0.0686543
Y_y.csv,1478,0
X_x.csv,-0.484194,-136.424,0.0149743
Y_x.csv,1406,0
X_y.csv,-0.274848,213.238,-0.0545113
Y_y.csv,1478,0
X_x.csv,-0.348857,-136.908,-0.135336
Y_x.csv,1466,0
X_y.csv,-0.322947,212.963,0.0480987
Y_y.csv,1500,0
X_x.csv,-0.317568,-137.257,-0.0312889
Y_x.csv,1446,0
X_y.csv,-0.423089,212.64,0.100142
Y_y.csv,1500,0
X_x.csv,-0.323283,-137.574,0.00571507
Y_x.csv,1426,0
X_y.csv,-0.362455,212.217,-0.0606338
Y_y.csv,1498,0
X_x.csv,-0.409654,-137.897,0.0863709
Y_x.csv,1406,0
X_y.csv,-0.375695,211.855,0.0132399
Y_y.csv,1478,0
X_x.csv,-0.367608,-138.307,-0.0420458
Y_x.csv,1466,0
X_y.csv,-0.377998,211.479,0.00230277
Y_y.csv,1500,0
X_x.csv,-0.33846,-138.675,-0.0291484
Y_x.csv,1466,0
X_y.csv,-0.405337,211.101,0.0273392
Y_y.csv,1500,0
X_x.csv,-0.348172,-139.013,0.00971231
Y_x.csv,1406,0
X_y.csv,-0.397022,210.696,-0.00831503
Y_y.csv,1480,0
X_x.csv,-0.333945,-139.361,-0.014227
Y_x.csv,1446,0
X_y.csv,-0.406677,210.299,0.00965518
Y_y.csv,1500,0
X_x.csv,-0.32756,-139.695,-0.00638542
Y_x.csv,1446,0
X_y.csv,-0.424884,209.892,0.0182065
Y_y.csv,1500,0
X_x.csv,-0.330118,-140.023,0.00255784
Y_x.csv,1426,0
X_y.csv,-0.421599,209.467,-0.00328502
Y_y.csv,1500,0
X_x.csv,-0.342498,-140.353,0.0123801
Y_x.csv,1446,0
X_y.csv,-0.412819,209.046,-0.00877964
Y_y.csv,1500,0
X_x.csv,-0.28555,-140.696,-0.0569475
Y_x.csv,1406,0
X_y.csv,-0.445278,208.633,0.0324588
Y_y.csv,1480,0
X_x.csv,-0.32531,-140.981,0.0397591
Y_x.csv,1406,0
X_y.csv,-0.432938,208.188,-0.0123397
Y_y.csv,1480,0
X_x.csv,-0.421274,-141.306,0.0959643
Y_x.csv,1406,0
X_y.csv,-0.368834,207.755,-0.0641038
Y_y.csv,1480,0
X_x.csv,-0.39145,-141.728,-0.0298235
Y_x.csv,1406,0
X_y.csv,-0.383067,207.386,0.0142331
Y_y.csv,1482,0
X_x.csv,-0.27925,-142.119,-0.1122
Y_x.csv,1406,0
X_y.csv,-0.518228,207.003,0.13516
Y_y.csv,1494,0
X_x.csv,-0.238158,-142.398,-0.0410917
Y_x.csv,1482,0
X_y.csv,-0.509712,206.485,-0.00851601
Y_y.csv,1484,0
X_x.csv,-0.369758,-142.637,0.1316
Y_x.csv,1500,0
X_y.csv,-0.371944,205.975,-0.137767
Y_y.csv,1500,0
X_x.csv,-0.276583,-143.006,-0.0931758
Y_x.csv,1500,0
X_y.csv,-0.452659,205.603,0.0807147
Y_y.csv,1500,0
X_x.csv,-0.262508,-143.283,-0.014075
Y_x.csv,1500,0
X_y.csv,-0.491279,205.15,0.0386198
Y_y.csv,1500,0
X_x.csv,-0.217653,-143.545,-0.0448542
Y_x.csv,1500,0
X_y.csv,-0.504981,204.659,0.0137018
Y_y.csv,1500,0
X_x.csv,-0.166379,-143.763,-0.0512741
Y_x.csv,1500,0
X_y.csv,-0.506885,204.154,0.00190455
Y_y.csv,1500,0
X_x.csv,-0.197722,-143.929,0.0313423
Y_x.csv,1500,0
X_y.csv,-0.459656,203.647,-0.0472288
Y_y.csv,1500,0
X_x.csv,-0.355596,-144.127,0.157875
Y_x.csv,1500,0
X_y.csv,-0.306893,203.187,-0.152763
Y_y.csv,1500,0
X_x.csv,-0.221083,-144.483,-0.134514
Y_x.csv,1500,0
X_y.csv,-0.391632,202.881,0.0847394
Y_y.csv,1500,0
X_x.csv,-0.366793,-144.704,0.14571
Y_x.csv,1500,0
X_y.csv,-0.268648,202.489,-0.122985
Y_y.csv,1500,0
X_x.csv,-0.18382,-145.071,-0.182973
Y_x.csv,1500,0
X_y.csv,-0.405971,202.22,0.137323
Y_y.csv,1500,0
X_x.csv,-0.196956,-145.254,0.0131357
Y_x.csv,1500,0
X_y.csv,-0.331543,201.814,-0.0744275
Y_y.csv,1500,0
X_x.csv,-0.20487,-145.451,0.0079138
Y_x.csv,1532,0
X_y.csv,-0.298453,201.483,-0.0330896
Y_y.csv,1500,0
X_x.csv,-0.192186,-145.656,-0.0126835
Y_x.csv,1534,0
X_y.csv,-0.241506,0,-0.0569472
Y_y.csv,1500,0
X_x.csv,-0.262211,-145.848,0.0700247
Y_x.csv,1596,0
X_y.csv,-0.275583,-0.241506,0.0340766
Y_y.csv,1500,0
X_x.csv,-0.26234,-146.111,0.000129104
Y_x.csv,1612,0
X_y.csv,-0.327499,-0.517089,0.0519163
Y_y.csv,1500,0
X_x.csv,-0.408487,-146.373,0.146147
Y_x.csv,1634,0
X_y.csv,-0.189881,-0.844588,-0.137618
Y_y.csv,1500,0
X_x.csv,-0.229989,-146.781,-0.178498
Y_x.csv,1618,0
X_y.csv,-0.34868,-1.03447,0.158799
Y_y.csv,1500,0
X_x.csv,-0.210438,-147.011,-0.0195516
Y_x.csv,1670,0
X_y.csv,-0.405367,-1.38315,0.0566872
Y_y.csv,1500,0
X_x.csv,-0.218152,-147.222,0.0077146
Y_x.csv,1610,0
X_y.csv,-0.439844,-1.78852,0.0344771
Y_y.csv,1500,0
X_x.csv,-0.222036,-147.44,0.00388378
Y_x.csv,1630,0
X_y.csv,-0.432195,-2.22836,-0.00764909
Y_y.csv,1500,0
X_x.csv,-0.207827,-147.662,-0.0142086
Y_x.csv,1610,0
X_y.csv,-0.358567,-2.66055,-0.0736277
Y_y.csv,1500,0
X_x.csv,-0.186245,-147.87,-0.021582
Y_x.csv,1606,0
X_y.csv,-0.327803,-3.01912,-0.0307639
Y_y.csv,1500,0
X_x.csv,-0.249742,-148.056,0.0634966
Y_x.csv,1606,0
X_y.csv,-0.343974,-3.34693,0.0161705
Y_y.csv,1500,0
X_x.csv,-0.29856,-148.306,0.0488183
Y_x.csv,1614,0
X_y.csv,-0.308132,-3.6909,-0.0358417
Y_y.csv,1486,0
X_x.csv,-0.327775,-148.604,0.0292145
Y_x.csv,1614,0
X_y.csv,-0.301878,-3.99903,-0.00625378
Y_y.csv,1486,0
X_x.csv,-0.351964,-148.932,0.0241894
Y_x.csv,1500,0
X_y.csv,-0.289262,-4.30091,-0.0126165
Y_y.csv,1482,0
X_x.csv,-0.389109,-149.284,0.0371445
Y_x.csv,1500,0
X_y.csv,-0.260155,-4.59017,-0.0291071
Y_y.csv,1500,0
X_x.csv,-0.37689,-149.673,-0.0122188
Y_x.csv,1500,0
X_y.csv,-0.254899,-4.85033,-0.0052557
Y_y.csv,1500,0
X_x.csv,-0.409049,-150.05,0.0321594
Y_x.csv,1500,0
X_y.csv,-0.180791,-5.10523,-0.0741084
Y_y.csv,1500,0
X_x.csv,-0.457112,-150.459,0.0480623
Y_x.csv,1500,0
X_y.csv,-0.11745,-5.28602,-0.0633407
Y_y.csv,1500,0
X_x.csv,-0.472276,-150.916,0.0151646
Y_x.csv,1500,0
X_y.csv,-0.157091,-5.40347,0.0396409
Y_y.csv,1500,0
X_x.csv,-0.486804,-151.389,0.0145279
Y_x.csv,1500,0
X_y.csv,-0.127699,-5.56056,-0.029392
Y_y.csv,1500,0
X_x.csv,-0.485369,-151.875,-0.00143504
Y_x.csv,1500,0
X_y.csv,0.0468127,-5.68825,-0.174512
Y_y.csv,1500,0
X_x.csv,-0.469192,-152.361,-0.0161767
Y_x.csv,1500,0
X_y.csv,0.0677819,-5.64144,-0.0209692
Y_y.csv,1500,0
X_x.csv,-0.482528,-152.83,0.0133354
Y_x.csv,1500,0
X_y.csv,0.0396215,-5.57366,0.0281604
Y_y.csv,1494,0
X_x.csv,-0.456849,-153.312,-0.0256787
Y_x.csv,1500,0
X_y.csv,0.0486377,-5.53404,-0.00901625
Y_y.csv,1500,0
X_x.csv,-0.493987,-153.769,0.037138
Y_x.csv,1456,0
X_y.csv,0.0231764,-5.4854,0.0254613
Y_y.csv,1448,0
X_x.csv,-0.486042,-154.263,-0.00794533
Y_x.csv,1448,0
X_y.csv,-0.0317874,-5.46222,0.0549637
Y_y.csv,1440,0
X_x.csv,-0.500022,-154.749,0.0139805
Y_x.csv,1394,0
X_y.csv,0.125574,-5.49401,-0.157361
Y_y.csv,1428,0
X_x.csv,-0.543392,-155.249,0.0433699
Y_x.csv,1398,0
X_y.csv,0.0933828,-5.36844,0.0321908
Y_y.csv,1448,0
X_x.csv,-0.568856,-155.793,0.0254639
Y_x.csv,1390,0
X_y.csv,0.108004,-5.27506,-0.014621
Y_y.csv,1428,0
X_x.csv,-0.566498,-156.362,-0.00235856
Y_x.csv,1390,0
X_y.csv,0.116663,-5.16705,-0.00865872
Y_y.csv,1428,0
X_x.csv,-0.564435,-156.928,-0.00206214
Y_x.csv,1406,0
X_y.csv,0.041273,-5.05039,0.0753896
Y_y.csv,1448,0
X_x.csv,-0.558841,-157.493,-0.00559455
Y_x.csv,1476,0
X_y.csv,0.207235,0,-0.165962
Y_y.csv,1494,0
X_x.csv,-0.452857,-158.051,-0.105984
Y_x.csv,1500,0
X_y.csv,0.227552,0,-0.0203165
Y_y.csv,1496,0
X_x.csv,-0.414191,-158.504,-0.0386662
Y_x.csv,1500,0
X_y.csv,0.188344,0.227552,0.0392078
Y_y.csv,1468,0
X_x.csv,-0.425382,-158.918,0.0111908
Y_x.csv,1500,0
X_y.csv,0.140543,0.415896,0.0478015
Y_y.csv,1452,0
X_x.csv,-0.282442,-159.344,-0.14294
Y_x.csv,1500,0
X_y.csv,0.0880074,0.556439,0.0525352
Y_y.csv,1432,0
X_x.csv,-0.213358,-159.626,-0.0690832
Y_x.csv,1500,0
X_y.csv,0.0235209,0.644446,0.0644865
Y_y.csv,1452,0
X_x.csv,-0.174892,-159.84,-0.0384666
Y_x.csv,1500,0
X_y.csv,0.011799,0.667967,0.0117219
Y_y.csv,1472,0
X_x.csv,-0.190042,-160.015,0.0151504
Y_x.csv,1500,0
X_y.csv,-0.0440265,0.679766,0.0558254
Y_y.csv,1472,0
X_x.csv,-0.327107,-160.205,0.137065
Y_x.csv,1500,0
X_y.csv,-0.0849568,0.63574,0.0409303
Y_y.csv,1500,0
X_x.csv,-0.39814,-160.532,0.071033
Y_x.csv,1500,0
X_y.csv,-0.11263,0.550783,0.0276734
Y_y.csv,1500,0
X_x.csv,0.0542977,-160.93,-0.452437
Y_x.csv,1500,0
X_y.csv,0.0318199,0.438153,-0.14445
Y_y.csv,1440,0
X_x.csv,0.0473749,-160.876,0.00692284
Y_x.csv,1500,0
X_y.csv,-0.0112499,0.469972,0.0430698
Y_y.csv,1468,0
X_x.csv,0.0589827,-160.828,-0.0116078
Y_x.csv,1500,0
X_y.csv,-0.00895661,0.458723,-0.00229326
Y_y.csv,1448,0
X_x.csv,-0.237149,-160.769,0.296132
Y_x.csv,1500,0
X_y.csv,-0.102468,0.449766,0.0935114
Y_y.csv,1420,0
X_x.csv,0.0370502,-161.006,-0.274199
Y_x.csv,1500,0
X_y.csv,-0.0477254,0.347298,-0.0547426
Y_y.csv,1392,0
X_x.csv,-0.262021,-160.969,0.299072
Y_x.csv,1500,0
X_y.csv,-0.117422,0.299573,0.0696965
Y_y.csv,1424,0
X_x.csv,-0.0699711,-161.231,-0.19205
Y_x.csv,1500,0
X_y.csv,-0.0668252,0.182151,-0.0505966
Y_y.csv,1428,0
X_x.csv,-0.108449,-161.301,0.0384782
Y_x.csv,1500,0
X_y.csv,-0.0739168,0.115325,0.00709151
Y_y.csv,1428,0
X_x.csv,-0.309994,-161.41,0.201545
Y_x.csv,1500,0
X_y.csv,-0.135086,0.0414086,0.0611694
Y_y.csv,1428,0
X_x.csv,0.0246811,-161.72,-0.334675
Y_x.csv,1500,0
X_y.csv,-0.0519615,-0.0936776,-0.0831247
Y_y.csv,1428,0
X_x.csv,0.104878,-161.695,-0.080197
Y_x.csv,1500,0
X_y.csv,-0.0391805,-0.145639,-0.012781
Y_y.csv,1448,0
X_x.csv,-0.160898,-161.59,0.265776
Y_x.csv,1500,0
X_y.csv,-0.106707,-0.18482,0.067526
Y_y.csv,1488,0
X_x.csv,-0.0689912,-161.751,-0.0919071
Y_x.csv,1500,0
X_y.csv,-0.097904,-0.291526,-0.00880257
Y_y.csv,1468,0
X_x.csv,0.424002,-161.82,-0.492994
Y_x.csv,1500,0
X_y.csv,0.0285693,-0.38943,-0.126473
Y_y.csv,1488,0
X_x.csv,0.578006,-161.396,-0.154003
Y_x.csv,1500,0
X_y.csv,0.0503172,-0.360861,-0.0217479
Y_y.csv,1448,0
X_x.csv,0.515636,-160.818,0.0623696
Y_x.csv,1500,0
X_y.csv,0.0240823,-0.310544,0.0262349
Y_y.csv,1488,0
X_x.csv,0.520111,-160.302,-0.00447547
Y_x.csv,1500,0
X_y.csv,0.0171562,-0.286462,0.00692606
Y_y.csv,1440,0
X_x.csv,0.448337,-159.782,0.0717745
Y_x.csv,1500,0
X_y.csv,-0.00404544,-0.269305,0.0212017
Y_y.csv,1460,0
X_x.csv,0.424663,-159.334,0.0236739
Y_x.csv,1500,0
X_y.csv,-0.0133934,-0.273351,0.00934792
Y_y.csv,1450,0
X_x.csv,0.463316,-158.909,-0.0386526
Y_x.csv,1500,0
X_y.csv,-0.00716142,-0.286744,-0.00623193
Y_y.csv,1500,0
X_x.csv,0.463835,-158.446,-0.000518918
Y_x.csv,1500,0
X_y.csv,-0.0089432,-0.293905,0.00178178
Y_y.csv,1500,0
X_x.csv,0.52767,-157.982,-0.0638351
Y_x.csv,1500,0
X_y.csv,-0.00495122,-0.302849,-0.00399198
Y_y.csv,1500,0
X_x.csv,-0.00995198,-157.454,0.537622
Y_x.csv,1500,0
X_y.csv,-0.132626,-0.3078,0.127674
Y_y.csv,1500,0
X_x.csv,0.557788,-157.464,-0.56774
Y_x.csv,1500,0
X_y.csv,-0.0259628,-0.440426,-0.106663
Y_y.csv,1500,0
X_x.csv,0.607115,-156.907,-0.0493269
Y_x.csv,1500,0
X_y.csv,0.437776,-0.466388,-0.463739
Y_y.csv,1500,0
X_x.csv,0.473623,-156.3,0.133492
Y_x.csv,1500,0
X_y.csv,0.425679,-0.028612,0.0120977
Y_y.csv,1500,0
X_x.csv,0.604723,-155.826,-0.1311
Y_x.csv,1500,0
X_y.csv,0.465721,0.397067,-0.0400427
Y_y.csv,1500,0
X_x.csv,0.465466,-155.221,0.139257
Y_x.csv,1500,0
X_y.csv,0.42267,0.862788,0.0430514
Y_y.csv,1428,0
X_x.csv,0.436509,-154.756,0.0289568
Y_x.csv,1500,0
X_y.csv,0.430531,1.28546,-0.00786057
Y_y.csv,1428,0
X_x.csv,0.391004,-154.319,0.0455055
Y_x.csv,1500,0
X_y.csv,0.426072,1.71599,0.00445881
Y_y.csv,1448,0
X_x.csv,0.383419,-153.928,0.00758499
Y_x.csv,1500,0
X_y.csv,0.419126,2.14206,0.00694543
Y_y.csv,1428,0
X_x.csv,-0.24819,-153.545,0.631608
Y_x.csv,1500,0
X_y.csv,0.300211,2.56119,0.118916
Y_y.csv,1488,0
X_x.csv,0.448396,-153.793,-0.696585
Y_x.csv,1500,0
X_y.csv,0.461444,2.8614,-0.161233
Y_y.csv,1456,0
X_x.csv,0.404622,-153.345,0.0437732
Y_x.csv,1500,0
X_y.csv,0.437485,3.32284,0.0239586
Y_y.csv,1500,0
X_x.csv,0.411181,-152.94,-0.00655904
Y_x.csv,1500,0
X_y.csv,0.410994,3.76033,0.0264915
Y_y.csv,1500,0
X_x.csv,0.453029,-152.529,-0.0418473
Y_x.csv,1500,0
X_y.csv,0.390065,4.17132,0.0209289
Y_y.csv,1500,0
X_x.csv,0.581357,-152.076,-0.128328
Y_x.csv,1500,0
X_y.csv,0.456301,4.56138,-0.0662358
Y_y.csv,1500,0
X_x.csv,0.617807,-151.494,-0.03645
Y_x.csv,1500,0
X_y.csv,0.465889,5.01768,-0.00958884
Y_y.csv,1500,0
X_x.csv,0.595688,-150.877,0.0221188
Y_x.csv,1500,0
X_y.csv,0.452618,5.48357,0.0132719
Y_y.csv,1460,0
X_x.csv,0.623284,-150.281,-0.0275956
Y_x.csv,1500,0
X_y.csv,0.460754,5.93619,-0.00813651
Y_y.csv,1488,0
X_x.csv,0.624949,-149.658,-0.001665
Y_x.csv,1500,0
X_y.csv,0.457888,6.39695,0.00286597
Y_y.csv,1500,0
X_x.csv,0.696236,-149.033,-0.0712875
Y_x.csv,1500,0
X_y.csv,0.479685,6.85483,-0.0217972
Y_y.csv,1500,0
X_x.csv,0.706262,-148.336,-0.0100256
Y_x.csv,1500,0
X_y.csv,0.460679,7.33452,0.0190066
Y_y.csv,1500,0
X_x.csv,0.699796,-147.63,0.00646603
Y_x.csv,1500,0
X_y.csv,0.456684,7.7952,0.00399497
Y_y.csv,1500,0
X_x.csv,0.736537,-146.93,-0.0367417
Y_x.csv,1500,0
X_y.csv,0.448834,8.25188,0.00784966
Y_y.csv,1500,0
X_x.csv,0.402642,0,0.333895
Y_x.csv,1500,0
X_y.csv,0.359863,8.70072,0.0889715
Y_y.csv,1500,0
X_x.csv,0.991751,0.402642,-0.589108
Y_x.csv,1500,0
X_y.csv,0.479206,9.06058,-0.119343
Y_y.csv,1500,0
X_x.csv,0.667213,1.39439,0.324538
Y_x.csv,1500,0
X_y.csv,0.387513,9.53978,0.0916929
Y_y.csv,1500,0
X_x.csv,1.10581,2.06161,-0.438597
Y_x.csv,1500,0
X_y.csv,0.47921,9.9273,-0.0916978
Y_y.csv,1500,0
X_x.csv,1.19982,3.16742,-0.0940078
Y_x.csv,1500,0
X_y.csv,0.504287,10.4065,-0.025077
Y_y.csv,1500,0
X_x.csv,1.18134,4.36723,0.0184784
Y_x.csv,1500,0
X_y.csv,0.492958,10.9108,0.0113295
Y_y.csv,1500,0
X_x.csv,1.21672,5.54857,-0.0353824
Y_x.csv,1500,0
X_y.csv,0.501032,11.4038,-0.00807428
Y_y.csv,1500,0
X_x.csv,0.818953,6.76529,0.397769
Y_x.csv,1500,0
X_y.csv,0.411326,11.9048,0.0897062
Y_y.csv,1578,0
X_x.csv,0.849692,7.58425,-0.0307397
Y_x.csv,1500,0
X_y.csv,0.404651,12.3161,0.00667527
Y_y.csv,1596,0
X_x.csv,1.31294,8.43394,-0.463247
Y_x.csv,1500,0
X_y.csv,0.527524,12.7208,-0.122873
Y_y.csv,1556,0
X_x.csv,1.35569,9.74688,-0.0427456
Y_x.csv,1500,0
X_y.csv,0.533739,13.2483,-0.00621504
Y_y.csv,1596,0
X_x.csv,1.3652,11.1026,-0.00951028
Y_x.csv,1500,0
X_y.csv,0.53451,13.782,-0.000770748
Y_y.csv,1576,0
X_x.csv,0.913821,12.4678,0.451375
Y_x.csv,1500,0
X_y.csv,0.437463,14.3165,0.097047
Y_y.csv,1596,0
X_x.csv,1.35213,13.3816,-0.438305
Y_x.csv,1500,0
X_y.csv,0.510055,14.754,-0.072592
Y_y.csv,1556,0
X_x.csv,1.19076,14.7337,0.161362
Y_x.csv,1500,0
X_y.csv,0.473016,15.2641,0.0370387
Y_y.csv,1576,0
X_x.csv,1.08167,15.9245,0.109091
Y_x.csv,1500,0
X_y.csv,0.481505,15.7371,-0.00848848
Y_y.csv,1596,0
X_x.csv,0.960856,17.0061,0.120817
Y_x.csv,1500,0
X_y.csv,0.444646,16.2186,0.0368587
Y_y.csv,1528,0
X_x.csv,0.930843,17.967,0.030013
Y_x.csv,1500,0
X_y.csv,0.439454,16.6632,0.00519171
Y_y.csv,1500,0
X_x.csv,0.666456,18.8978,0.264387
Y_x.csv,1500,0
X_y.csv,0.387582,17.1027,0.051872
Y_y.csv,1556,0
X_x.csv,0.575691,19.5643,0.0907651
Y_x.csv,1500,0
X_y.csv,0.36692,17.4903,0.0206628
Y_y.csv,1568,0
X_x.csv,0.510589,20.14,0.0651017
Y_x.csv,1500,0
X_y.csv,0.387215,17.8572,-0.020295
Y_y.csv,1508,0
X_x.csv,0.499057,20.6506,0.011532
Y_x.csv,1500,0
X_y.csv,0.350648,18.2444,0.0365663
Y_y.csv,1516,0
X_x.csv,0.492777,21.1496,0.00628009
Y_x.csv,1500,0
X_y.csv,0.395508,18.595,-0.0448601
Y_y.csv,1518,0
X_x.csv,0.477414,21.6424,0.0153636
Y_x.csv,1500,0
X_y.csv,0.394941,18.9905,0.00056693
Y_y.csv,1500,0
X_x.csv,0.490052,22.1198,-0.0126381
Y_x.csv,1500,0
X_y.csv,0.409722,19.3855,-0.0147802
Y_y.csv,1500,0
X_x.csv,0.356333,22.6099,0.133719
Y_x.csv,1500,0
X_y.csv,0.362422,19.7952,0.0472998
Y_y.csv,1500,0
X_x.csv,0.227875,22.9662,0.128458
Y_x.csv,1500,0
X_y.csv,0.342947,20.1576,0.0194744
Y_y.csv,1500,0
X_x.csv,0.284726,23.1941,-0.056851
Y_x.csv,1500,0
X_y.csv,0.337334,20.5006,0.00561306
Y_y.csv,1540,0
X_x.csv,0.38297,23.4788,-0.0982441
Y_x.csv,1500,0
X_y.csv,0.347408,20.8379,-0.0100736
Y_y.csv,1522,0
X_x.csv,0.222218,23.8618,0.160752
Y_x.csv,1500,0
X_y.csv,0.343624,21.1853,0.00378427
Y_y.csv,1538,0
X_x.csv,0.2544,24.084,-0.0321818
Y_x.csv,1500,0
X_y.csv,0.379672,21.5289,-0.0360487
Y_y.csv,1518,0
X_x.csv,0.290808,24.3384,-0.0364088
Y_x.csv,1500,0
X_y.csv,0.345601,21.9086,0.0340712
Y_y.csv,1508,0
X_x.csv,0.245031,24.6292,0.0457778
Y_x.csv,1500,0
X_y.csv,0.364823,22.2542,-0.0192215
Y_y.csv,1508,0
X_x.csv,0.35683,24.8742,-0.111799
Y_x.csv,1500,0
X_y.csv,0.357109,22.619,0.00771391
Y_y.csv,1500,0
X_x.csv,0.169747,25.2311,0.187083
Y_x.csv,1500,0
X_y.csv,0.361162,22.9762,-0.00405318
Y_y.csv,1500,0
X_x.csv,0.316719,25.4008,-0.146972
Y_x.csv,1500,0
X_y.csv,0.34639,23.3373,0.0147718
Y_y.csv,1500,0
X_x.csv,0.131909,25.7175,0.18481
Y_x.csv,1500,0
X_y.csv,0.349528,23.6837,-0.00313801
Y_y.csv,1500,0
X_x.csv,0.125626,25.8494,0.0062831
Y_x.csv,1500,0
X_y.csv,0.363151,24.0332,-0.0136231
Y_y.csv,1500,0
X_x.csv,0.170742,25.9751,-0.0451163
Y_x.csv,1500,0
X_y.csv,0.369114,24.3964,-0.0059624
Y_y.csv,1500,0
X_x.csv,0.321041,26.1458,-0.150299
Y_x.csv,1496,0
X_y.csv,0.361145,24.7655,0.00796854
Y_y.csv,1500,0
X_x.csv,0.144285,26.4668,0.176757
Y_x.csv,1500,0
X_y.csv,0.363211,25.1266,-0.00206625
Y_y.csv,1500,0
X_x.csv,0.151382,26.6111,-0.00709736
Y_x.csv,1496,0
X_y.csv,0.366459,25.4899,-0.0032478
Y_y.csv,1500,0
X_x.csv,0.14843,26.7625,0.0029518
Y_x.csv,1500,0
X_y.csv,0.373989,25.8563,-0.00752941
Y_y.csv,1500,0
X_x.csv,0.190284,26.9109,-0.0418535
Y_x.csv,1500,0
X_y.csv,0.356952,26.2303,0.0170364
Y_y.csv,1500,0
X_x.csv,0.176956,27.1012,0.0133275
Y_x.csv,1500,0
X_y.csv,0.381429,26.5873,-0.0244771
Y_y.csv,1500,0
X_x.csv,0.151579,27.2782,0.0253768
Y_x.csv,1500,0
X_y.csv,0.362843,26.9687,0.0185866
Y_y.csv,1500,0
X_x.csv,0.292566,27.4298,-0.140986
Y_x.csv,1500,0
X_y.csv,0.364903,27.3315,-0.00206009
Y_y.csv,1500,0
X_x.csv,0.185827,27.7223,0.106739
Y_x.csv,1494,0
X_y.csv,0.362395,27.6964,0.00250828
Y_y.csv,1510,0
X_x.csv,0.167043,27.9082,0.0187836
Y_x.csv,1496,0
X_y.csv,0.373818,28.0588,-0.0114231
Y_y.csv,1500,0
X_x.csv,0.157848,28.0752,0.00919496
Y_x.csv,1456,0
X_y.csv,0.374966,28.4326,-0.00114846
Y_y.csv,1500,0
X_x.csv,0.16215,28.233,-0.00430149
Y_x.csv,1500,0
X_y.csv,0.36353,28.8076,0.011436
Y_y.csv,1500,0
X_x.csv,0.16147,28.3952,0.000680223
Y_x.csv,1500,0
X_y.csv,0.377661,29.1711,-0.0141313
Y_y.csv,1518,0
X_x.csv,0.179536,28.5567,-0.0180669
Y_x.csv,1500,0
X_y.csv,0.385237,29.5488,-0.00757518
Y_y.csv,1550,0
X_x.csv,0.133459,28.7362,0.0460771
Y_x.csv,1500,0
X_y.csv,0.398536,29.934,-0.013299
Y_y.csv,1530,0
X_x.csv,0.229979,28.8697,-0.0965201
Y_x.csv,1488,0
X_y.csv,0.391207,30.3326,0.00732881
Y_y.csv,1530,0
X_x.csv,0.275829,29.0996,-0.0458497
Y_x.csv,1500,0
X_y.csv,0.377225,30.7238,0.0139816
Y_y.csv,1500,0
X_x.csv,0.213404,29.3755,0.062425
Y_x.csv,1460,0
X_y.csv,0.378384,31.101,-0.00115845
Y_y.csv,1508,0
X_x.csv,0.210442,29.5889,0.00296223
Y_x.csv,1500,0
X_y.csv,0.399595,31.4794,-0.0212113
Y_y.csv,1500,0
X_x.csv,0.150834,29.7993,0.0596082
Y_x.csv,1480,0
X_y.csv,0.384691,31.879,0.0149038
Y_y.csv,1500,0
X_x.csv,0.146912,29.9501,0.00392154
Y_x.csv,1500,0
X_y.csv,0.386116,32.2637,-0.00142476
Y_y.csv,1508,0
X_x.csv,0.165303,30.0971,-0.0183905
Y_x.csv,1500,0
X_y.csv,0.392038,32.6498,-0.00592211
Y_y.csv,1500,0
X_x.csv,0.152872,30.2624,0.0124311
Y_x.csv,1500,0
X_y.csv,0.38681,33.0418,0.00522795
Y_y.csv,1500,0
X_x.csv,0.196817,30.4152,-0.0439459
Y_x.csv,1500,0
X_y.csv,0.398223,33.4286,-0.0114134
Y_y.csv,1500,0
X_x.csv,0.145577,30.6121,0.0512401
Y_x.csv,1500,0
X_y.csv,0.386996,33.8269,0.0112275
Y_y.csv,1500,0
X_x.csv,0.193308,30.7576,-0.0477307
Y_x.csv,1500,0
X_y.csv,0.397029,34.2139,-0.0100327
Y_y.csv,1500,0
X_x.csv,0.233768,30.9509,-0.0404602
Y_x.csv,1500,0
X_y.csv,0.393127,34.6109,0.00390124
Y_y.csv,1500,0
X_x.csv,0.160123,31.1847,0.0736451
Y_x.csv,1500,0
X_y.csv,0.395903,35.004,-0.00277552
Y_y.csv,1500,0
X_x.csv,0.170072,31.3448,-0.00994904
Y_x.csv,1500,0
X_y.csv,0.397726,35.3999,-0.00182277
Y_y.csv,1500,0
X_x.csv,0.243635,31.5149,-0.0735628
Y_x.csv,1500,0
X_y.csv,0.394681,35.7976,0.00304487
Y_y.csv,1500,0
X_x.csv,0.174937,31.7585,0.068698
Y_x.csv,1500,0
X_y.csv,0.402771,36.1923,-0.00808999
Y_y.csv,1500,0
X_x.csv,0.220276,31.9335,-0.0453392
Y_x.csv,1500,0
X_y.csv,0.397677,36.5951,0.00509387
Y_y.csv,1500,0
X_x.csv,0.12956,32.1538,0.0907156
Y_x.csv,1500,0
X_y.csv,0.404426,36.9928,-0.00674897
Y_y.csv,1500,0
X_x.csv,0.213738,32.2833,-0.0841773
Y_x.csv,1500,0
X_y.csv,0.39764,37.3972,0.00678629
Y_y.csv,1500,0
X_x.csv,0.120288,32.497,0.0934496
Y_x.csv,1500,0
X_y.csv,0.402107,37.7948,-0.00446773
Y_y.csv,1500,0
X_x.csv,0.140267,32.6173,-0.019979
Y_x.csv,1500,0
X_y.csv,0.416604,38.1969,-0.014497
Y_y.csv,1500,0
X_x.csv,0.113677,32.7576,0.0265901
Y_x.csv,1500,0
X_y.csv,0.408685,38.6135,0.00791943
Y_y.csv,1500,0
X_x.csv,0.126639,32.8713,-0.0129619
Y_x.csv,1496,0
X_y.csv,0.414623,39.0222,-0.00593802
Y_y.csv,1500,0
X_x.csv,0.138565,32.9979,-0.0119264
Y_x.csv,1460,0
X_y.csv,0.41406,39.4369,0.000563294
Y_y.csv,1500,0
X_x.csv,0.139074,33.1365,-0.000508204
Y_x.csv,1422,0
X_y.csv,0.414108,39.8509,-4.8399e-05
Y_y.csv,1500,0
X_x.csv,0.140623,33.2756,-0.00154898
Y_x.csv,1442,0
X_y.csv,0.416373,40.265,-0.00226507
Y_y.csv,1500,0
X_x.csv,0.141765,33.4162,-0.0011429
Y_x.csv,1424,0
X_y.csv,0.42139,40.6814,-0.00501734
Y_y.csv,1500,0
X_x.csv,0.156334,33.5579,-0.0145686
Y_x.csv,1424,0
X_y.csv,0.423094,41.1028,-0.00170401
Y_y.csv,1500,0
X_x.csv,0.205269,33.7143,-0.0489346
Y_x.csv,1500,0
X_y.csv,0.410568,41.5259,0.0125265
Y_y.csv,1500,0
X_x.csv,0.166591,33.9195,0.0386771
Y_x.csv,1500,0
X_y.csv,0.415911,41.9364,-0.0053429
Y_y.csv,1500,0
X_x.csv,0.124862,34.0861,0.0417293
Y_x.csv,1500,0
X_y.csv,0.423641,42.3524,-0.00772989
Y_y.csv,1500,0
X_x.csv,0.16483,34.211,-0.0399674
Y_x.csv,1500,0
X_y.csv,0.416314,42.776,0.00732636
Y_y.csv,1500,0
X_x.csv,0.110396,34.3758,0.0544341
Y_x.csv,1500,0
X_y.csv,0.407606,43.1923,0.00870824
Y_y.csv,1500,0
X_x.csv,0.105172,34.4862,0.00522346
Y_x.csv,1500,0
X_y.csv,0.398429,43.5999,0.00917742
Y_y.csv,1500,0
X_x.csv,0.12961,34.5914,-0.0244382
Y_x.csv,1500,0
X_y.csv,0.395296,43.9984,0.00313258
Y_y.csv,1500,0
X_x.csv,0.171441,34.721,-0.041831
Y_x.csv,1500,0
X_y.csv,0.399317,44.3937,-0.00402063
Y_y.csv,1500,0
X_x.csv,0.154799,34.8925,0.0166422
Y_x.csv,1500,0
X_y.csv,0.398678,44.793,0.000638574
Y_y.csv,1500,0
X_x.csv,0.144673,35.0473,0.0101258
Y_x.csv,1500,0
X_y.csv,0.38679,45.1916,0.0118881
Y_y.csv,1498,0
X_x.csv,0.162312,35.1919,-0.0176382
Y_x.csv,1500,0
X_y.csv,0.398906,45.5784,-0.012116
Y_y.csv,1500,0
X_x.csv,0.151024,35.3542,0.0112877
Y_x.csv,1500,0
X_y.csv,0.389059,45.9773,0.00984743
Y_y.csv,1500,0
X_x.csv,0.14765,35.5053,0.00337411
Y_x.csv,1500,0
X_y.csv,0.385219,46.3664,0.00383934
Y_y.csv,1500,0
X_x.csv,0.182368,35.6529,-0.0347186
Y_x.csv,1500,0
X_y.csv,0.39302,46.7516,-0.00780037
Y_y.csv,1412,0
X_x.csv,0.140656,35.8353,0.0417125
Y_x.csv,1500,0
X_y.csv,0.397872,47.1446,-0.00485244
Y_y.csv,1440,0
X_x.csv,0.188284,35.9759,-0.0476284
Y_x.csv,1500,0
X_y.csv,0.40208,47.5425,-0.00420764
Y_y.csv,1500,0
X_x.csv,0.120511,36.1642,0.0677732
Y_x.csv,1500,0
X_y.csv,0.384538,47.9446,0.0175415
Y_y.csv,1500,0
X_x.csv,0.0774069,36.2847,0.043104
Y_x.csv,1500,0
X_y.csv,0.362461,48.3291,0.0220776
Y_y.csv,1500,0
X_x.csv,0.0945652,36.3621,-0.0171583
Y_x.csv,1500,0
X_y.csv,0.374909,48.6916,-0.0124487
Y_y.csv,1500,0
X_x.csv,0.197643,36.4567,-0.103078
Y_x.csv,1500,0
X_y.csv,0.407768,49.0665,-0.032859
Y_y.csv,1500,0
X_x.csv,0.220326,36.6543,-0.0226827
Y_x.csv,1500,0
X_y.csv,0.407214,49.4743,0.000554293
Y_y.csv,1500,0
X_x.csv,0.271977,36.8747,-0.0516516
Y_x.csv,1500,0
X_y.csv,0.417931,49.8815,-0.0107172
Y_y.csv,1500,0
X_x.csv,0.233045,37.1466,0.0389328
Y_x.csv,1500,0
X_y.csv,0.409097,50.2994,0.00883469
Y_y.csv,1478,0
X_x.csv,0.231197,37.3797,0.00184715
Y_x.csv,1500,0
X_y.csv,0.410798,50.7085,-0.00170127
Y_y.csv,1500,0
X_x.csv,0.250697,37.6109,-0.0194996
Y_x.csv,1500,0
X_y.csv,0.410318,51.1193,0.000479996
Y_y.csv,1500,0
X_x.csv,0.235858,37.8616,0.014839
Y_x.csv,1500,0
X_y.csv,0.406535,51.5296,0.00378299
Y_y.csv,1494,0
X_x.csv,0.300534,38.0974,-0.0646758
Y_x.csv,1500,0
X_y.csv,0.423476,51.9362,-0.016941
Y_y.csv,1494,0
X_x.csv,0.321983,38.398,-0.0214497
Y_x.csv,1548,0
X_y.csv,0.422764,52.3596,0.000711948
Y_y.csv,1458,0
X_x.csv,0.295388,38.72,0.0265957
Y_x.csv,1510,0
X_y.csv,0.425735,52.7824,-0.00297058
Y_y.csv,1488,0
X_x.csv,0.326978,39.0154,-0.03159
Y_x.csv,1532,0
X_y.csv,0.430393,53.2081,-0.00465834
Y_y.csv,1468,0
X_x.csv,0.32443,39.3423,0.00254816
Y_x.csv,1500,0
X_y.csv,0.418703,53.6385,0.0116904
Y_y.csv,1500,0
X_x.csv,0.264351,39.6668,0.0600787
Y_x.csv,1532,0
X_y.csv,0.407597,54.0572,0.0111052
Y_y.csv,1468,0
X_x.csv,0.289398,39.9311,-0.0250473
Y_x.csv,1532,0
X_y.csv,0.414049,54.4648,-0.00645173
Y_y.csv,1468,0
X_x.csv,0.336928,40.2205,-0.0475298
Y_x.csv,1512,0
X_y.csv,0.421178,54.8789,-0.00712934
Y_y.csv,1488,0
X_x.csv,0.358204,40.5574,-0.0212757
Y_x.csv,1500,0
X_y.csv,0.432915,55.3001,-0.0117367
Y_y.csv,1500,0
X_x.csv,0.349341,40.9156,0.00886273
Y_x.csv,1500,0
X_y.csv,0.424672,55.733,0.00824296
Y_y.csv,1500,0
X_x.csv,0.36209,41.265,-0.0127485
Y_x.csv,1500,0
X_y.csv,0.423954,56.1576,0.000717908
Y_y.csv,1500,0
X_x.csv,0.338212,41.6271,0.0238773
Y_x.csv,1552,0
X_y.csv,0.428305,56.5816,-0.0043512
Y_y.csv,1448,0
X_x.csv,0.349249,41.9653,-0.0110365
Y_x.csv,1512,0
X_y.csv,0.418693,57.0099,0.00961217
Y_y.csv,1488,0
X_x.csv,0.324478,42.3145,0.0247707
Y_x.csv,1532,0
X_y.csv,0.424981,57.4286,-0.00628725
Y_y.csv,1468,0
X_x.csv,0.317135,42.639,0.00734305
Y_x.csv,1500,0
X_y.csv,0.419562,57.8536,0.00541851
Y_y.csv,1500,0
X_x.csv,0.296759,42.9561,0.0203757
Y_x.csv,1500,0
X_y.csv,0.423407,58.2731,-0.00384471
Y_y.csv,1500,0
X_x.csv,0.279228,43.2529,0.0175307
Y_x.csv,1500,0
X_y.csv,0.423604,58.6965,-0.000197202
Y_y.csv,1500,0
X_x.csv,0.305168,43.5321,-0.0259395
Y_x.csv,1512,0
X_y.csv,0.425697,59.1201,-0.00209337
Y_y.csv,1488,0
X_x.csv,0.362494,43.8373,-0.0573258
Y_x.csv,1500,0
X_y.csv,0.434694,59.5458,-0.00899702
Y_y.csv,1490,0
X_x.csv,0.34964,44.1998,0.0128533
Y_x.csv,1512,0
X_y.csv,0.44022,59.9805,-0.00552529
Y_y.csv,1454,0
X_x.csv,0.317313,44.5494,0.0323276
Y_x.csv,1500,0
X_y.csv,0.427816,60.4208,0.0124035
Y_y.csv,1474,0
X_x.csv,0.354476,44.8667,-0.0371634
Y_x.csv,1500,0
X_y.csv,0.43252,60.8486,-0.00470409
Y_y.csv,1454,0
X_x.csv,0.349222,45.2212,0.00525448
Y_x.csv,1500,0
X_y.csv,0.428836,61.2811,0.00368449
Y_y.csv,1462,0
X_x.csv,0.316132,45.5704,0.0330903
Y_x.csv,1500,0
X_y.csv,0.428188,61.7099,0.000647396
Y_y.csv,1500,0
X_x.csv,0.315257,45.8866,0.000874788
Y_x.csv,1500,0
X_y.csv,0.414587,62.1381,0.0136012
Y_y.csv,1442,0
X_x.csv,0.299637,46.2018,0.0156194
Y_x.csv,1500,0
X_y.csv,0.416092,62.5527,-0.00150472
Y_y.csv,1450,0
X_x.csv,0.383608,46.5015,-0.0839709
Y_x.csv,1500,0
X_y.csv,0.433611,62.9688,-0.0175189
Y_y.csv,1450,0
X_x.csv,0.362612,46.8851,0.0209968
Y_x.csv,1500,0
X_y.csv,0.440336,63.4024,-0.00672498
Y_y.csv,1450,0
X_x.csv,0.428549,47.2477,-0.0659376
Y_x.csv,1500,0
X_y.csv,0.436575,63.8427,0.0037604
Y_y.csv,1450,0
X_x.csv,0.422032,47.6762,0.00651753
Y_x.csv,1500,0
X_y.csv,0.44679,64.2793,-0.0102142
Y_y.csv,1430,0
X_x.csv,0.440273,48.0983,-0.0182414
Y_x.csv,1500,0
X_y.csv,0.446101,64.7261,0.000688672
Y_y.csv,1470,0
X_x.csv,0.442145,48.5385,-0.00187203
Y_x.csv,1500,0
X_y.csv,0.444916,65.1722,0.00118461
Y_y.csv,1470,0
X_x.csv,0.451897,48.9807,-0.00975156
Y_x.csv,1500,0
X_y.csv,0.438369,65.6171,0.006547
Y_y.csv,1454,0
X_x.csv,0.443311,49.4326,0.00858608
Y_x.csv,1484,0
X_y.csv,0.443684,66.0555,-0.00531501
Y_y.csv,1434,0
X_x.csv,0.470432,49.8759,-0.0271211
Y_x.csv,1484,0
X_y.csv,0.446606,66.4992,-0.00292194
Y_y.csv,1434,0
X_x.csv,0.427733,50.3463,0.0426983
Y_x.csv,1500,0
X_y.csv,0.43106,66.9458,0.0155457
Y_y.csv,1474,0
X_x.csv,0.628152,50.7741,-0.200418
Y_x.csv,1500,0
X_y.csv,0.475072,67.3769,-0.044012
Y_y.csv,1454,0
X_x.csv,0.585179,51.4022,0.042973
Y_x.csv,1496,0
X_y.csv,0.464152,67.8519,0.0109203
Y_y.csv,1474,0
X_x.csv,0.487809,51.9874,0.0973702
Y_x.csv,1500,0
X_y.csv,0.445818,68.3161,0.0183342
Y_y.csv,1500,0
X_x.csv,0.670502,52.4752,-0.182694
Y_x.csv,1500,0
X_y.csv,0.476098,68.7619,-0.0302798
Y_y.csv,1500,0
X_x.csv,0.558806,53.1457,0.111696
Y_x.csv,1500,0
X_y.csv,0.457683,69.238,0.0184146
Y_y.csv,1500,0
X_x.csv,0.853852,53.7045,-0.295046
Y_x.csv,1496,0
X_y.csv,0.514125,69.6957,-0.0564419
Y_y.csv,1470,0
X_x.csv,0.833568,54.5584,0.0202836
Y_x.csv,1476,0
X_y.csv,0.509963,70.2098,0.00416213
Y_y.csv,1450,0
X_x.csv,0.614093,55.3919,0.219475
Y_x.csv,1476,0
X_y.csv,0.458225,70.7198,0.0517374
Y_y.csv,1500,0
X_x.csv,0.800962,56.006,-0.186869
Y_x.csv,1476,0
X_y.csv,0.494194,71.178,-0.0359685
Y_y.csv,1500,0
X_x.csv,0.777977,56.807,0.0229854
Y_x.csv,1500,0
X_y.csv,0.493821,71.6722,0.000373363
Y_y.csv,1500,0
X_x.csv,0.79094,57.585,-0.0129631
Y_x.csv,1500,0
X_y.csv,0.486265,72.166,0.00755575
Y_y.csv,1500,0
X_x.csv,0.792891,58.3759,-0.00195169
Y_x.csv,1500,0
X_y.csv,0.496403,72.6523,-0.0101386
Y_y.csv,1500,0
X_x.csv,0.837297,59.1688,-0.0444059
Y_x.csv,1500,0
X_y.csv,0.493575,73.1487,0.00282836
Y_y.csv,1500,0
X_x.csv,0.788206,60.0061,0.0490911
Y_x.csv,1484,0
X_y.csv,0.494498,73.6423,-0.000923008
Y_y.csv,1500,0
X_x.csv,0.749631,60.7943,0.0385755
Y_x.csv,1500,0
X_y.csv,0.48379,74.1367,0.0107083
Y_y.csv,1544,0
X_x.csv,0.739706,61.5439,0.00992483
Y_x.csv,1500,0
X_y.csv,0.48031,74.6205,0.00348014
Y_y.csv,1578,0
X_x.csv,0.65521,62.2836,0.0844958
Y_x.csv,1466,0
X_y.csv,0.459457,75.1008,0.020853
Y_y.csv,1590,0
X_x.csv,0.841978,62.9388,-0.186768
Y_x.csv,1456,0
X_y.csv,0.504081,75.5603,-0.0446244
Y_y.csv,1612,0
X_x.csv,0.856886,63.7808,-0.0149082
Y_x.csv,1500,0
X_y.csv,0.507828,76.0644,-0.00374645
Y_y.csv,1596,0
X_x.csv,0.715166,64.6377,0.14172
Y_x.csv,1500,0
X_y.csv,0.46454,76.5722,0.0432874
Y_y.csv,1594,0
X_x.csv,0.985767,65.3529,-0.270601
Y_x.csv,1500,0
X_y.csv,0.523236,77.0368,-0.0586955
Y_y.csv,1550,0
X_x.csv,0.944932,66.3386,0.0408347
Y_x.csv,1500,0
X_y.csv,0.516076,77.56,0.00715977
Y_y.csv,1592,0
X_x.csv,0.858695,67.2836,0.0862372
Y_x.csv,1484,0
X_y.csv,0.508523,78.0761,0.00755286
Y_y.csv,1594,0
X_x.csv,0.784568,68.1423,0.0741266
Y_x.csv,1370,0
X_y.csv,0.491088,78.5846,0.0174352
Y_y.csv,1558,0
X_x.csv,0.693552,68.9268,0.0910163
Y_x.csv,1402,0
X_y.csv,0.472593,79.0757,0.0184949
Y_y.csv,1500,0
X_x.csv,0.468022,69.6204,0.225531
Y_x.csv,1342,0
X_y.csv,0.435829,79.5483,0.0367642
Y_y.csv,1500,0
X_x.csv,0.353482,70.0884,0.11454
Y_x.csv,1298,0
X_y.csv,0.42636,79.9841,0.00946856
Y_y.csv,1500,0
X_x.csv,0.229838,70.4419,0.123644
Y_x.csv,1358,0
X_y.csv,0.381956,80.4105,0.0444044
Y_y.csv,1500,0
X_x.csv,0.161302,70.6717,0.0685364
Y_x.csv,1334,0
X_y.csv,0.356183,80.7924,0.0257728
Y_y.csv,1500,0
X_x.csv,0.107543,70.833,0.0537592
Y_x.csv,1500,0
X_y.csv,0.365179,81.1486,-0.00899625
Y_y.csv,1500,0
X_x.csv,0.167297,70.9406,-0.0597538
Y_x.csv,1500,0
X_y.csv,0.359928,81.5138,0.00525096
Y_y.csv,1500,0
X_x.csv,0.38721,71.1079,-0.219913
Y_x.csv,1500,0
X_y.csv,0.394525,81.8737,-0.0345965
Y_y.csv,1500,0
X_x.csv,0.20835,71.4951,0.17886
Y_x.csv,1500,0
X_y.csv,0.321667,82.2682,0.0728574
Y_y.csv,1500,0
X_x.csv,0.187135,71.7034,0.0212148
Y_x.csv,1500,0
X_y.csv,0.284018,82.5899,0.0376492
Y_y.csv,1500,0
X_x.csv,0.103305,71.8906,0.08383
Y_x.csv,1500,0
X_y.csv,0.209258,82.8739,0.0747605
Y_y.csv,1500,0
X_x.csv,0.292915,71.9939,-0.189611
Y_x.csv,1500,0
X_y.csv,0.291459,83.0832,-0.0822016
Y_y.csv,1500,0
X_x.csv,0.156502,72.2868,0.136414
Y_x.csv,1500,0
X_y.csv,0.168885,83.3746,0.122574
Y_y.csv,1500,0
X_x.csv,0.178499,72.4433,-0.021997
Y_x.csv,1500,0
X_y.csv,0.149386,83.5435,0.0194991
Y_y.csv,1500,0
X_x.csv,0.162204,72.6218,0.0162943
Y_x.csv,1500,0
X_y.csv,0.147307,83.6929,0.00207883
Y_y.csv,1500,0
X_x.csv,0.170472,72.784,-0.00826782
Y_x.csv,1500,0
X_y.csv,0.122789,83.8402,0.0245177
Y_y.csv,1500,0
X_x.csv,0.193036,72.9544,-0.0225633
Y_x.csv,1500,0
X_y.csv,0.126608,83.963,-0.00381878
Y_y.csv,1500,0
X_x.csv,0.207588,73.1475,-0.0145524
Y_x.csv,1500,0
X_y.csv,0.125788,84.0896,0.000819415
Y_y.csv,1500,0
X_x.csv,0.216504,73.3551,-0.00891593
Y_x.csv,1500,0
X_y.csv,0.127081,84.2154,-0.00129275
Y_y.csv,1500,0
X_x.csv,0.245353,73.5716,-0.0288491
Y_x.csv,1512,0
X_y.csv,0.116039,84.3425,0.0110423
Y_y.csv,1500,0
X_x.csv,0.249669,73.8169,-0.00431566
Y_x.csv,1542,0
X_y.csv,0.130489,84.4585,-0.0144504
Y_y.csv,1500,0
X_x.csv,0.234743,74.0666,0.0149256
Y_x.csv,1554,0
X_y.csv,0.124384,84.589,0.00610508
Y_y.csv,1500,0
X_x.csv,0.218803,74.3013,0.0159401
Y_x.csv,1554,0
X_y.csv,0.132999,84.7134,-0.00861478
Y_y.csv,1500,0
X_x.csv,0.23527,74.5201,-0.0164672
Y_x.csv,1516,0
X_y.csv,0.081604,84.8464,0.051395
Y_y.csv,1500,0
X_x.csv,0.208596,74.7554,0.0266742
Y_x.csv,1556,0
X_y.csv,0.0681884,84.928,0.0134156
Y_y.csv,1500,0
X_x.csv,0.163827,74.964,0.0447687
Y_x.csv,1576,0
X_y.csv,0.0758023,84.9962,-0.00761387
Y_y.csv,1500,0
X_x.csv,0.198103,75.1278,-0.0342762
Y_x.csv,1610,0
X_y.csv,0.099618,85.072,-0.0238157
Y_y.csv,1500,0
X_x.csv,0.19139,75.3259,0.00671375
Y_x.csv,1590,0
X_y.csv,0.090419,85.1716,0.00919907
Y_y.csv,1500,0
X_x.csv,0.15216,75.5173,0.0392301
Y_x.csv,1564,0
X_y.csv,0.0852075,85.262,0.00521147
Y_y.csv,1500,0
X_x.csv,0.181512,75.6695,-0.0293521
Y_x.csv,1576,0
X_y.csv,0.0634903,85.3472,0.0217172
Y_y.csv,1500,0
X_x.csv,0.173426,75.851,0.00808552
Y_x.csv,1536,0
X_y.csv,0.0858264,85.4107,-0.0223361
Y_y.csv,1500,0
X_x.csv,0.204006,76.0244,-0.0305796
Y_x.csv,1556,0
X_y.csv,0.0879925,85.4965,-0.00216609
Y_y.csv,1500,0
X_x.csv,0.171208,76.2284,0.0327982
Y_x.csv,1544,0
X_y.csv,0.0930578,85.5845,-0.00506529
Y_y.csv,1500,0
X_x.csv,0.133798,76.3996,0.0374099
Y_x.csv,1502,0
X_y.csv,0.109854,85.6776,-0.0167961
Y_y.csv,1500,0
X_x.csv,0.155467,76.5334,-0.0216692
Y_x.csv,1502,0
X_y.csv,0.11188,85.7874,-0.00202598
Y_y.csv,1500,0
X_x.csv,0.199129,76.6889,-0.0436624
Y_x.csv,1500,0
X_y.csv,0.190542,85.8993,-0.0786623
Y_y.csv,1500,0
X_x.csv,0.22278,76.888,-0.0236506
Y_x.csv,1500,0
X_y.csv,0.213306,86.0899,-0.0227643
Y_y.csv,1500,0
X_x.csv,0.0203245,77.1108,0.202455
Y_x.csv,1500,0
X_y.csv,0.112382,86.3032,0.100924
Y_y.csv,1500,0
X_x.csv,-0.00212342,77.1311,0.0224479
Y_x.csv,1500,0
X_y.csv,0.121119,86.4156,-0.00873676
Y_y.csv,1500,0
X_x.csv,0.0161764,77.129,-0.0182998
Y_x.csv,1500,0
X_y.csv,0.122913,86.5367,-0.00179423
Y_y.csv,1500,0
X_x.csv,0.0190571,77.1452,-0.00288072
Y_x.csv,1500,0
X_y.csv,0.126172,86.6596,-0.00325838
Y_y.csv,1500,0
X_x.csv,0.0602555,77.1642,-0.0411984
Y_x.csv,1500,0
X_y.csv,0.152509,86.7858,-0.0263374
Y_y.csv,1500,0
X_x.csv,0.0570138,77.2245,0.0032417
Y_x.csv,1500,0
X_y.csv,0.162765,86.9383,-0.0102556
Y_y.csv,1500,0
X_x.csv,0.0515362,77.2815,0.00547764
Y_x.csv,1500,0
X_y.csv,0.155303,87.101,0.00746152
Y_y.csv,1500,0
X_x.csv,0.0354846,77.3331,0.0160515
Y_x.csv,1500,0
X_y.csv,0.145302,87.2563,0.010001
Y_y.csv,1500,0
X_x.csv,0.018623,77.3685,0.0168616
Y_x.csv,1500,0
X_y.csv,0.141635,87.4016,0.00366654
Y_y.csv,1500,0
X_x.csv,0.042361,77.3872,-0.023738
Y_x.csv,1500,0
X_y.csv,0.142879,87.5433,-0.00124344
Y_y.csv,1500,0
X_x.csv,-0.00143701,77.4295,0.043798
Y_x.csv,1500,0
X_y.csv,0.145507,87.6861,-0.00262818
Y_y.csv,1500,0
X_x.csv,-0.0150043,77.4281,0.0135673
Y_x.csv,1512,0
X_y.csv,0.160146,87.8316,-0.0146393
Y_y.csv,1500,0
X_x.csv,-0.00558147,77.4131,-0.00942282
Y_x.csv,1500,0
X_y.csv,0.158364,87.9918,0.00178289
Y_y.csv,1500,0
X_x.csv,-0.00433345,77.4075,-0.00124802
Y_x.csv,1500,0
X_y.csv,0.147146,88.1502,0.0112179
Y_y.csv,1500,0
X_x.csv,-0.015614,77.4032,0.0112805
Y_x.csv,1608,0
X_y.csv,0.14759,88.2973,-0.00044404
Y_y.csv,1500,0
X_x.csv,0.0610828,77.3875,-0.0766968
Y_x.csv,1596,0
X_y.csv,0.177168,88.4449,-0.0295785
Y_y.csv,1500,0
X_x.csv,-0.0334728,77.4486,0.0945556
Y_x.csv,1616,0
X_y.csv,0.1426,88.6221,0.0345683
Y_y.csv,1488,0
X_x.csv,-0.00234945,77.4152,-0.0311233
Y_x.csv,1636,0
X_y.csv,0.141005,88.7647,0.00159463
Y_y.csv,1454,0
X_x.csv,-0.0946177,77.4128,0.0922682
Y_x.csv,1614,0
X_y.csv,0.108428,88.9057,0.0325776
Y_y.csv,1446,0
X_x.csv,-0.122993,77.3182,0.0283753
Y_x.csv,1594,0
X_y.csv,0.111309,89.0141,-0.0028811
Y_y.csv,1462,0
X_x.csv,-0.129276,77.1952,0.00628273
Y_x.csv,1554,0
X_y.csv,0.111322,89.1254,-1.30758e-05
Y_y.csv,1500,0
X_x.csv,-0.223416,77.0659,0.0941402
Y_x.csv,1594,0
X_y.csv,0.104207,89.2367,0.00711479
Y_y.csv,1462,0
X_x.csv,-0.234139,0,0.0107227
Y_x.csv,1614,0
X_y.csv,0.163955,89.3409,-0.059748
Y_y.csv,1442,0
X_x.csv,-0.274386,-0.234139,0.0402472
Y_x.csv,1594,0
X_y.csv,0.178387,89.5049,-0.0144325
Y_y.csv,1462,0
X_x.csv,-0.277875,-0.508524,0.00348926
Y_x.csv,1610,0
X_y.csv,0.223738,89.6833,-0.0453505
Y_y.csv,1422,0
X_x.csv,-0.302378,-0.786399,0.0245031
Y_x.csv,1522,0
X_y.csv,0.238831,89.907,-0.0150936
Y_y.csv,1468,0
X_x.csv,-0.297903,-1.08878,-0.00447491
Y_x.csv,1500,0
X_y.csv,0.269732,90.1459,-0.0309008
Y_y.csv,1492,0
X_x.csv,-0.314611,-1.38668,0.0167074
Y_x.csv,1500,0
X_y.csv,0.29584,90.4156,-0.0261082
Y_y.csv,1500,0
X_x.csv,-0.363239,-1.70129,0.0486282
Y_x.csv,1500,0
X_y.csv,0.287232,90.7114,0.00860861
Y_y.csv,1500,0
X_x.csv,-0.330184,-2.06453,-0.0330551
Y_x.csv,1500,0
X_y.csv,0.334044,90.9987,-0.0468121
Y_y.csv,1500,0
X_x.csv,-0.324658,-2.39471,-0.00552604
Y_x.csv,1500,0
X_y.csv,0.356006,91.3327,-0.021962
Y_y.csv,1500,0
X_x.csv,-0.30381,-2.71937,-0.0208475
Y_x.csv,1500,0
X_y.csv,0.400658,91.6887,-0.0446522
Y_y.csv,1500,0
X_x.csv,-0.24612,-3.02318,-0.0576908
Y_x.csv,1500,0
X_y.csv,0.326329,92.0894,0.074329
Y_y.csv,1500,0
X_x.csv,-0.338932,-3.2693,0.0928124
Y_x.csv,1500,0
X_y.csv,0.437269,92.4157,-0.11094
Y_y.csv,1500,0
X_x.csv,-0.333982,-3.60823,-0.00495034
Y_x.csv,1500,0
X_y.csv,0.468105,92.853,-0.0308363
Y_y.csv,1500,0
X_x.csv,-0.352747,-3.94221,0.0187651
Y_x.csv,1500,0
X_y.csv,0.472588,93.3211,-0.00448319
Y_y.csv,1500,0
X_x.csv,-0.286083,-4.29496,-0.066664
Y_x.csv,1432,0
X_y.csv,0.385149,93.7937,0.0874392
Y_y.csv,1500,0
X_x.csv,-0.338381,-4.58104,0.0522987
Y_x.csv,1260,0
X_y.csv,0.505715,94.1788,-0.120565
Y_y.csv,1500,0
X_x.csv,-0.376831,-4.91943,0.0384492
Y_x.csv,1308,0
X_y.csv,0.506757,94.6845,-0.00104225
Y_y.csv,1500,0
X_x.csv,-0.385041,-5.29626,0.00821051
Y_x.csv,1308,0
X_y.csv,0.504229,95.1913,0.00252777
Y_y.csv,1500,0
X_x.csv,-0.397898,-5.6813,0.0128567
Y_x.csv,1456,0
X_y.csv,0.510863,95.6955,-0.00663429
Y_y.csv,1500,0
X_x.csv,-0.391378,-6.0792,-0.00652018
Y_x.csv,1500,0
X_y.csv,0.525965,96.2064,-0.0151018
Y_y.csv,1500,0
X_x.csv,-0.330134,-6.47057,-0.0612435
Y_x.csv,1480,0
X_y.csv,0.551039,96.7323,-0.0250739
Y_y.csv,1500,0